3257
3936
694
3959
415
1035
175
4604
D
0.929224
0.0159817
0.000761035
0.0540335
DD
0.94407
0.0074124
0.000673854
0.0478437
DDD
0.973751
0.0079001
0.000254842
0.0180938
DDDD
0.970981
0.000256805
0.000256805
0.0285054
DDDDD
0.880403
0.00144092
0.00144092
0.116715
DDDDDD
0.636815
0.0483143
0.000150512
0.31472
DDDDDDD
0.574427
0.101872
9.0876e-005
0.32361
DDDDDDDD
0.524188
0.122243
0.000118568
0.35345
DDDDDDDDD
0.472353
0.0941575
0.000260824
0.433229
DDDDDDDDDD
0.247204
0.0123043
0.00111857
0.739374
DDDDDDDDDDD
0.115819
0.00282486
0.00282486
0.878531
DDDDDDDDDDDD
0.0294118
0.0294118
0.0294118
0.911765
DDDDDDDDDDDL
0.0714286
0.0714286
0.0714286
0.785714
DDDDDDDDDDL
0.0227273
0.0227273
0.0227273
0.931818
DDDDDDDDDL
0.0140306
0.0905612
0.0778061
0.817602
DDDDDDDDDLDDDDDDD
0.0227273
0.0227273
0.931818
0.0227273
DDDDDDDDDLDDDDDDDDD
0.0416667
0.0416667
0.875
0.0416667
DDDDDDDDDLL
0.0227273
0.25
0.25
0.477273
DDDDDDDDDLLD
0.0714286
0.0714286
0.0714286
0.785714
DDDDDDDDDLLDDD
0.0714286
0.0714286
0.785714
0.0714286
DDDDDDDDDLLL
0.0416667
0.0416667
0.0416667
0.875
DDDDDDDDL
0.0132576
0.0385101
0.0195707
0.928662
DDDDDDDDLD
0.0714286
0.0714286
0.0714286
0.785714
DDDDDDDDLDD
0.0714286
0.0714286
0.0714286
0.785714
DDDDDDDDLDDDDDD
0.0416667
0.0416667
0.875
0.0416667
DDDDDDDDLDDDDDDDD
0.0714286
0.0714286
0.785714
0.0714286
DDDDDDDDLDDDDDDDDD
0.0416667
0.0416667
0.875
0.0416667
DDDDDDDDLDLLLLL
0.0714286
0.0714286
0.785714
0.0714286
DDDDDDDDLL
0.00241546
0.0748792
0.219807
0.702899
DDDDDDDDLLDD
0.0714286
0.0714286
0.785714
0.0714286
DDDDDDDDLLDDDDDD
0.0714286
0.0714286
0.785714
0.0714286
DDDDDDDDLLDDDDDDDD
0.0714286
0.0714286
0.785714
0.0714286
DDDDDDDDLLL
0.0119048
0.130952
0.25
0.607143
DDDDDDDDLLLDDDD
0.0714286
0.0714286
0.785714
0.0714286
DDDDDDDDLLLL
0.0294118
0.0294118
0.911765
0.0294118
DDDDDDDDLLLLLLL
0.0714286
0.0714286
0.0714286
0.785714
DDDDDDDL
0.0379061
0.146209
0.218412
0.597473
DDDDDDDLDD
0.0714286
0.0714286
0.0714286
0.785714
DDDDDDDLDDD
0.0714286
0.0714286
0.785714
0.0714286
DDDDDDDLDDDDD
0.0714286
0.0714286
0.785714
0.0714286
DDDDDDDLDDDDDD
0.0714286
0.0714286
0.785714
0.0714286
DDDDDDDLDDDDDDD
0.0294118
0.0294118
0.911765
0.0294118
DDDDDDDLDDDDDDDD
0.0714286
0.0714286
0.785714
0.0714286
DDDDDDDLL
0.0242291
0.178414
0.288546
0.508811
DDDDDDDLLDDDDD
0.0714286
0.0714286
0.785714
0.0714286
DDDDDDDLLDDDDDD
0.0294118
0.0294118
0.911765
0.0294118
DDDDDDDLLDDDDDDD
0.0416667
0.0416667
0.875
0.0416667
DDDDDDDLLDDDDDDDD
0.0416667
0.0416667
0.875
0.0416667
DDDDDDDLLL
0.102941
0.20098
0.151961
0.544118
DDDDDDDLLLDDDDD
0.0714286
0.0714286
0.785714
0.0714286
DDDDDDDLLLDDDDDD
0.0714286
0.0714286
0.785714
0.0714286
DDDDDDDLLLDDDDDDDD
0.0714286
0.0714286
0.785714
0.0714286
DDDDDDDLLLL
0.0294118
0.0294118
0.0294118
0.911765
DDDDDDDLLLLLLLL
0.0714286
0.0714286
0.0714286
0.785714
DDDDDDDLS
0.0714286
0.0714286
0.785714
0.0714286
DDDDDDDS
0.785714
0.0714286
0.0714286
0.0714286
DDDDDDL
0.16242
0.16242
0.194268
0.480892
DDDDDDLDDDDDDD
0.0416667
0.0416667
0.875
0.0416667
DDDDDDLDDDDDDDD
0.0416667
0.0416667
0.875
0.0416667
DDDDDDLDDDDDDDDD
0.0714286
0.0714286
0.785714
0.0714286
DDDDDDLL
0.0247748
0.114865
0.317568
0.542793
DDDDDDLLDD
0.0714286
0.0714286
0.0714286
0.785714
DDDDDDLLDDDDDD
0.0714286
0.0714286
0.785714
0.0714286
DDDDDDLLDDDDDDD
0.0714286
0.0714286
0.785714
0.0714286
DDDDDDLLDDDDDDDD
0.0714286
0.0714286
0.785714
0.0714286
DDDDDDLLDDDDDDDDD
0.0714286
0.0714286
0.785714
0.0714286
DDDDDDLLL
0.0416667
0.0795455
0.344697
0.534091
DDDDDDLLLL
0.015625
0.015625
0.171875
0.796875
DDDDDDLLLLL
0.0714286
0.0714286
0.0714286
0.785714
DDDDDL
0.25
0.0227273
0.25
0.477273
DDDDDLL
0.0416667
0.458333
0.0416667
0.458333
DDDDDLLD
0.0714286
0.0714286
0.0714286
0.785714
DDDDDLLDDDDDDDD
0.0714286
0.0714286
0.785714
0.0714286
DDDDDLLL
0.171875
0.171875
0.015625
0.640625
DDDDDLLLD
0.785714
0.0714286
0.0714286
0.0714286
DDDDDLLLDDDDDDD
0.0714286
0.0714286
0.785714
0.0714286
DDDDDLLLL
0.0714286
0.0714286
0.0714286
0.785714
DDDDDLLLLL
0.0416667
0.0416667
0.0416667
0.875
DDDDL
0.689189
0.148649
0.0135135
0.148649
DDDDLDD
0.875
0.0416667
0.0416667
0.0416667
DDDDLDDDD
0.0416667
0.0416667
0.0416667
0.875
DDDDLDDDDDDDD
0.0714286
0.0714286
0.785714
0.0714286
DDDDLDDLD
0.0714286
0.0714286
0.0714286
0.785714
DDDDLL
0.418919
0.148649
0.148649
0.283784
DDDDLLDDDD
0.785714
0.0714286
0.0714286
0.0714286
DDDDLLDDDDDDDDD
0.0714286
0.0714286
0.785714
0.0714286
DDDDLLL
0.27193
0.27193
0.184211
0.27193
DDDDLLLDD
0.0714286
0.0714286
0.0714286
0.785714
DDDDLLLDDD
0.0714286
0.0714286
0.0714286
0.785714
DDDDLLLDDDDDDD
0.0416667
0.0416667
0.875
0.0416667
DDDDLLLDDDDDDDD
0.0714286
0.0714286
0.785714
0.0714286
DDDDLLLL
0.223404
0.117021
0.117021
0.542553
DDDDLLLLD
0.0416667
0.0416667
0.458333
0.458333
DDDDLLLLL
0.0227273
0.0227273
0.0227273
0.931818
DDDDLLLLLD
0.0714286
0.0714286
0.0714286
0.785714
DDDDLLLLLL
0.0294118
0.0294118
0.0294118
0.911765
DDDDLLLLLLL
0.0714286
0.0714286
0.0714286
0.785714
DDDDLLLLLLLLLL
0.0714286
0.0714286
0.785714
0.0714286
DDDDS
0.875
0.0416667
0.0416667
0.0416667
DDDL
0.328125
0.015625
0.171875
0.484375
DDDLDDD
0.323529
0.0294118
0.0294118
0.617647
DDDLDDDDDD
0.0714286
0.0714286
0.0714286
0.785714
DDDLDDDDL
0.0714286
0.0714286
0.0714286
0.785714
DDDLL
0.931818
0.0227273
0.0227273
0.0227273
DDDLLDDD
0.785714
0.0714286
0.0714286
0.0714286
DDDLLL
0.622807
0.0964912
0.00877193
0.27193
DDDLLLDDD
0.0714286
0.0714286
0.0714286
0.785714
DDDLLLDDDD
0.0714286
0.0714286
0.0714286
0.785714
DDDLLLDDDDDD
0.0714286
0.0714286
0.785714
0.0714286
DDDLLLDDDL
0.0714286
0.0714286
0.0714286
0.785714
DDDLLLL
0.704545
0.0227273
0.0227273
0.25
DDDLLLLLL
0.171875
0.171875
0.015625
0.640625
DDDLLLLLLL
0.0714286
0.0714286
0.0714286
0.785714
DDDLLLLLLLLLLL
0.0714286
0.0714286
0.785714
0.0714286
DDDS
0.875
0.0416667
0.0416667
0.0416667
DDDSDDDD
0.785714
0.0714286
0.0714286
0.0714286
DDL
0.477273
0.25
0.0227273
0.25
DDLDDD
0.0714286
0.0714286
0.0714286
0.785714
DDLDDDD
0.458333
0.0416667
0.0416667
0.458333
DDLDDDDDDD
0.0714286
0.0714286
0.785714
0.0714286
DDLDDLDDL
0.0416667
0.0416667
0.0416667
0.875
DDLDL
0.785714
0.0714286
0.0714286
0.0714286
DDLL
0.704545
0.0227273
0.25
0.0227273
DDLLDDD
0.458333
0.0416667
0.0416667
0.458333
DDLLL
0.875
0.0416667
0.0416667
0.0416667
DDLLLDD
0.785714
0.0714286
0.0714286
0.0714286
DDLLLL
0.759259
0.203704
0.0185185
0.0185185
DDLLLLLL
0.0227273
0.0227273
0.0227273
0.931818
DDLLLLLLL
0.0294118
0.0294118
0.0294118
0.911765
DDLLLLLLLD
0.0416667
0.0416667
0.0416667
0.875
DDLLLLLLLL
0.0416667
0.0416667
0.0416667
0.875
DDLLLLLLLLLL
0.0714286
0.0714286
0.0714286
0.785714
DL
0.418919
0.283784
0.148649
0.148649
DLD
0.617647
0.0294118
0.0294118
0.323529
DLDD
0.323529
0.0294118
0.0294118
0.617647
DLDDDDD
0.785714
0.0714286
0.0714286
0.0714286
DLDDDDDD
0.0714286
0.0714286
0.785714
0.0714286
DLDDDDDDDD
0.0714286
0.0714286
0.785714
0.0714286
DLDDL
0.0416667
0.0416667
0.0416667
0.875
DLDDLD
0.0714286
0.0714286
0.0714286
0.785714
DLDDLDDD
0.0714286
0.0714286
0.0714286
0.785714
DLDDLDL
0.785714
0.0714286
0.0714286
0.0714286
DLDDLDLL
0.0714286
0.0714286
0.0714286
0.785714
DLDDLL
0.785714
0.0714286
0.0714286
0.0714286
DLDL
0.458333
0.0416667
0.0416667
0.458333
DLDLD
0.458333
0.0416667
0.0416667
0.458333
DLDLDDDD
0.0714286
0.0714286
0.0714286
0.785714
DLDLDDDDD
0.785714
0.0714286
0.0714286
0.0714286
DLDLDL
0.458333
0.0416667
0.0416667
0.458333
DLDLDLD
0.458333
0.0416667
0.0416667
0.458333
DLDLDLDL
0.0714286
0.0714286
0.0714286
0.785714
DLDLDLDLDL
0.0714286
0.0714286
0.0714286
0.785714
DLDLDLDLDLDL
0.0714286
0.0714286
0.0714286
0.785714
DLDLDLLL
0.0714286
0.0714286
0.0714286
0.785714
DLDLDLLLLD
0.785714
0.0714286
0.0714286
0.0714286
DLDLLDDL
0.785714
0.0714286
0.0714286
0.0714286
DLDLLLL
0.785714
0.0714286
0.0714286
0.0714286
DLDLLLLD
0.785714
0.0714286
0.0714286
0.0714286
DLL
0.458333
0.0416667
0.0416667
0.458333
DLLD
0.458333
0.0416667
0.0416667
0.458333
DLLDD
0.785714
0.0714286
0.0714286
0.0714286
DLLDDDD
0.785714
0.0714286
0.0714286
0.0714286
DLLDDL
0.785714
0.0714286
0.0714286
0.0714286
DLLDLDDDL
0.0714286
0.0714286
0.0714286
0.785714
DLLDLL
0.785714
0.0714286
0.0714286
0.0714286
DLLDLLL
0.0714286
0.0714286
0.0714286
0.785714
DLLL
0.574074
0.203704
0.0185185
0.203704
DLLLDDDD
0.0416667
0.0416667
0.0416667
0.875
DLLLDDDDDDD
0.0714286
0.0714286
0.785714
0.0714286
DLLLDLLL
0.0714286
0.0714286
0.0714286
0.785714
DLLLL
0.785714
0.0714286
0.0714286
0.0714286
DLLLLD
0.931818
0.0227273
0.0227273
0.0227273
DLLLLL
0.0714286
0.0714286
0.0714286
0.785714
DLLLLLDD
0.785714
0.0714286
0.0714286
0.0714286
DLLLLLL
0.785714
0.0714286
0.0714286
0.0714286
DLLLLLLL
0.25
0.0227273
0.0227273
0.704545
DLLLLLLLD
0.0714286
0.0714286
0.785714
0.0714286
DLLLLLLLL
0.323529
0.0294118
0.323529
0.323529
DLLLLLLLLD
0.0714286
0.0714286
0.0714286
0.785714
DLLLLLLLLL
0.0416667
0.0416667
0.0416667
0.875
DSDDDDDDDD
0.785714
0.0714286
0.0714286
0.0714286
L
0.242372
0.448322
0.000190694
0.309115
LD
0.201923
0.00961538
0.105769
0.682692
LDD
0.388889
0.0185185
0.0185185
0.574074
LDDD
0.418919
0.0135135
0.0135135
0.554054
LDDDD
0.574074
0.0185185
0.0185185
0.388889
LDDDDD
0.130952
0.0119048
0.0119048
0.845238
LDDDDDD
0.00134409
0.0147849
0.0282258
0.955645
LDDDDDDD
0.000583431
0.0180863
0.0355893
0.945741
LDDDDDDDD
0.000608273
0.006691
0.444647
0.548054
LDDDDDDDDD
0.000859107
0.000859107
0.301546
0.696735
LDDDDDDDDDD
0.0714286
0.0714286
0.0714286
0.785714
LDDDDDDDDDDD
0.0227273
0.0227273
0.0227273
0.931818
LDDDDDDDDDL
0.0416667
0.0416667
0.458333
0.458333
LDDDDDDDDL
0.0135135
0.0135135
0.283784
0.689189
LDDDDDDDL
0.0042735
0.0042735
0.0042735
0.987179
LDDDDDDDLDD
0.0714286
0.0714286
0.0714286
0.785714
LDDDDDDDS
0.0714286
0.0714286
0.785714
0.0714286
LDDDDDDL
0.0227273
0.0227273
0.0227273
0.931818
LDDDDDDLL
0.0714286
0.0714286
0.0714286
0.785714
LDDDDDL
0.0714286
0.0714286
0.0714286
0.785714
LDDDDL
0.0714286
0.0714286
0.0714286
0.785714
LDDDDLDD
0.785714
0.0714286
0.0714286
0.0714286
LDDDDLLL
0.458333
0.0416667
0.0416667
0.458333
LDDDDLLLL
0.0714286
0.0714286
0.785714
0.0714286
LDDDL
0.0294118
0.0294118
0.0294118
0.911765
LDDDLDDD
0.0294118
0.0294118
0.0294118
0.911765
LDDDLLLL
0.0714286
0.0714286
0.0714286
0.785714
LDDL
0.0416667
0.0416667
0.0416667
0.875
LDDLD
0.0714286
0.0714286
0.0714286
0.785714
LDDLDD
0.0714286
0.0714286
0.0714286
0.785714
LDDLDDL
0.0714286
0.0714286
0.0714286
0.785714
LDDLDDLDD
0.0714286
0.0714286
0.0714286
0.785714
LDDLDL
0.458333
0.0416667
0.0416667
0.458333
LDDLDLD
0.0714286
0.0714286
0.0714286
0.785714
LDDLDLDL
0.0714286
0.0714286
0.0714286
0.785714
LDDLL
0.458333
0.0416667
0.0416667
0.458333
LDDLLDDD
0.0714286
0.0714286
0.0714286
0.785714
LDDLLDDDL
0.0714286
0.0714286
0.0714286
0.785714
LDL
0.283784
0.0135135
0.0135135
0.689189
LDLD
0.477273
0.0227273
0.0227273
0.477273
LDLDD
0.0714286
0.0714286
0.0714286
0.785714
LDLDDDDD
0.458333
0.0416667
0.0416667
0.458333
LDLDDDDDDDDD
0.0714286
0.0714286
0.0714286
0.785714
LDLDDLL
0.0714286
0.0714286
0.0714286
0.785714
LDLDDLLD
0.0714286
0.0714286
0.0714286
0.785714
LDLDL
0.323529
0.0294118
0.0294118
0.617647
LDLDLD
0.458333
0.0416667
0.0416667
0.458333
LDLDLDDDD
0.0714286
0.0714286
0.0714286
0.785714
LDLDLDL
0.785714
0.0714286
0.0714286
0.0714286
LDLDLDLD
0.785714
0.0714286
0.0714286
0.0714286
LDLDLDLDLD
0.0714286
0.0714286
0.0714286
0.785714
LDLDLDLDLDLD
0.0714286
0.0714286
0.0714286
0.785714
LDLDLDLDLDLDLDLD
0.0714286
0.0714286
0.0714286
0.785714
LDLDLLLLD
0.785714
0.0714286
0.0714286
0.0714286
LDLL
0.0714286
0.0714286
0.0714286
0.785714
LDLLD
0.0714286
0.0714286
0.0714286
0.785714
LDLLDDL
0.785714
0.0714286
0.0714286
0.0714286
LDLLDLLL
0.0714286
0.0714286
0.0714286
0.785714
LDLLDLLLDDD
0.0714286
0.0714286
0.0714286
0.785714
LDLLLL
0.785714
0.0714286
0.0714286
0.0714286
LDLLLLD
0.785714
0.0714286
0.0714286
0.0714286
LDLLLLL
0.0714286
0.0714286
0.0714286
0.785714
LDLLLLLD
0.0714286
0.0714286
0.0714286
0.785714
LDLLLLLDL
0.0714286
0.0714286
0.0714286
0.785714
LL
0.245357
0.45338
0.000185736
0.301077
LLD
0.203704
0.203704
0.203704
0.388889
LLDD
0.369048
0.0119048
0.0119048
0.607143
LLDDD
0.43617
0.0106383
0.117021
0.43617
LLDDDD
0.0903084
0.0462555
0.134361
0.729075
LLDDDDD
0.0670732
0.00609756
0.00609756
0.920732
LLDDDDDD
0.000837521
0.0343384
0.0762144
0.88861
LLDDDDDDD
0.000586854
0.024061
0.0299296
0.945423
LLDDDDDDDD
0.000635324
0.019695
0.324651
0.655019
LLDDDDDDDDD
0.00609756
0.00609756
0.310976
0.676829
LLDDDDDDDDDD
0.0227273
0.0227273
0.25
0.704545
LLDDDDDDDDDDD
0.0294118
0.0294118
0.0294118
0.911765
LLDDDDDDDL
0.0714286
0.0714286
0.0714286
0.785714
LLDDDDDDL
0.0714286
0.0714286
0.0714286
0.785714
LLDDDDDDLL
0.0416667
0.0416667
0.0416667
0.875
LLDDDDDDLLLLLL
0.0714286
0.0714286
0.785714
0.0714286
LLDDDDDLL
0.0714286
0.0714286
0.0714286
0.785714
LLDDDDLL
0.0714286
0.0714286
0.0714286
0.785714
LLDDDDLLL
0.0714286
0.0714286
0.0714286
0.785714
LLDDDDLLLL
0.0714286
0.0714286
0.0714286
0.785714
LLDDDDLLS
0.0714286
0.0714286
0.0714286
0.785714
LLDDDLL
0.25
0.0227273
0.0227273
0.704545
LLDDDLLL
0.0416667
0.0416667
0.0416667
0.875
LLDDL
0.323529
0.0294118
0.0294118
0.617647
LLDDLD
0.0714286
0.0714286
0.0714286
0.785714
LLDDLDDDDD
0.0714286
0.0714286
0.0714286
0.785714
LLDDLL
0.0714286
0.0714286
0.0714286
0.785714
LLDDLLLLLL
0.0416667
0.0416667
0.0416667
0.875
LLDLL
0.785714
0.0714286
0.0714286
0.0714286
LLDLLDLLD
0.0294118
0.0294118
0.0294118
0.911765
LLDLLLLL
0.0416667
0.458333
0.0416667
0.458333
LLDLLLLLL
0.0294118
0.0294118
0.0294118
0.911765
LLL
0.172195
0.473178
0.00020475
0.354423
LLLD
0.477273
0.0227273
0.0227273
0.477273
LLLDD
0.171875
0.171875
0.171875
0.484375
LLLDDD
0.0222672
0.0222672
0.224696
0.730769
LLLDDDD
0.00144092
0.0158501
0.159942
0.822767
LLLDDDDD
0.00328947
0.00328947
0.0690789
0.924342
LLLDDDDDD
0.000722543
0.0151734
0.058526
0.925578
LLLDDDDDDD
0.00065189
0.0136897
0.0332464
0.952412
LLLDDDDDDDD
0.00409836
0.045082
0.045082
0.905738
LLLDDDDDDDDD
0.0106383
0.0106383
0.223404
0.755319
LLLDDDDDDDDDD
0.0227273
0.0227273
0.0227273
0.931818
LLLDDDDDDDDDDD
0.0714286
0.0714286
0.0714286
0.785714
LLLDDDDDDDLLL
0.0714286
0.0714286
0.785714
0.0714286
LLLDDDDDDDS
0.0714286
0.0714286
0.785714
0.0714286
LLLDDDDDDL
0.0714286
0.0714286
0.0714286
0.785714
LLLDDDDDL
0.0294118
0.0294118
0.0294118
0.911765
LLLDDDDL
0.0416667
0.0416667
0.0416667
0.875
LLLDDDDLL
0.0294118
0.0294118
0.0294118
0.911765
LLLDDDDLLL
0.0714286
0.0714286
0.0714286
0.785714
LLLDDDL
0.785714
0.0714286
0.0714286
0.0714286
LLLDDDLLL
0.0227273
0.0227273
0.0227273
0.931818
LLLDDLL
0.0714286
0.0714286
0.0714286
0.785714
LLLDDLLDD
0.0714286
0.0714286
0.0714286
0.785714
LLLDDLLL
0.0227273
0.0227273
0.0227273
0.931818
LLLDLL
0.0714286
0.0714286
0.0714286
0.785714
LLLDLLDLLLLLD
0.0714286
0.0714286
0.0714286
0.785714
LLLDLLL
0.458333
0.0416667
0.0416667
0.458333
LLLDLLLS
0.0714286
0.0714286
0.0714286
0.785714
LLLL
0.16517
0.30489
0.000499002
0.529441
LLLLD
0.488095
0.0119048
0.130952
0.369048
LLLLDD
0.25
0.0119048
0.25
0.488095
LLLLDDD
0.0387324
0.00352113
0.355634
0.602113
LLLLDDDD
0.00104822
0.0220126
0.221174
0.755765
LLLLDDDDD
0.00694444
0.00694444
0.215278
0.770833
LLLLDDDDDD
0.00183824
0.0569853
0.112132
0.829044
LLLLDDDDDDD
0.00543478
0.00543478
0.222826
0.766304
LLLLDDDDDDDD
0.00877193
0.00877193
0.27193
0.710526
LLLLDDDDDDL
0.0714286
0.0714286
0.0714286
0.785714
LLLLDDDDDL
0.0714286
0.0714286
0.0714286
0.785714
LLLLDDDDL
0.0714286
0.0714286
0.0714286
0.785714
LLLLDDDDLL
0.0294118
0.617647
0.0294118
0.323529
LLLLDDDDS
0.0714286
0.0714286
0.785714
0.0714286
LLLLDDDLLL
0.0714286
0.0714286
0.0714286
0.785714
LLLLDDLL
0.0416667
0.458333
0.0416667
0.458333
LLLLDDLLDD
0.0714286
0.0714286
0.0714286
0.785714
LLLLDDLLLLL
0.0714286
0.0714286
0.0714286
0.785714
LLLLDL
0.0714286
0.0714286
0.0714286
0.785714
LLLLDLD
0.0714286
0.0714286
0.0714286
0.785714
LLLLDLL
0.323529
0.323529
0.0294118
0.323529
LLLLDLLDDD
0.0714286
0.0714286
0.0714286
0.785714
LLLLDLLL
0.0416667
0.0416667
0.0416667
0.875
LLLLDLLLL
0.0714286
0.0714286
0.0714286
0.785714
LLLLL
0.0613208
0.223046
0.000673854
0.71496
LLLLLD
0.0416667
0.0416667
0.458333
0.458333
LLLLLDD
0.0887097
0.00806452
0.25
0.653226
LLLLLDDD
0.0013089
0.0536649
0.367801
0.577225
LLLLLDDDD
0.0013089
0.0536649
0.263089
0.681937
LLLLLDDDDD
0.00961538
0.00961538
0.201923
0.778846
LLLLLDDDDDD
0.0046729
0.0046729
0.425234
0.565421
LLLLLDDDDDDD
0.00806452
0.0887097
0.25
0.653226
LLLLLDDDDDDDD
0.0106383
0.0106383
0.223404
0.755319
LLLLLDDDDDDDDD
0.0714286
0.0714286
0.785714
0.0714286
LLLLLDDDDDLL
0.0714286
0.785714
0.0714286
0.0714286
LLLLLDDDDL
0.0416667
0.0416667
0.0416667
0.875
LLLLLDDDDLLL
0.0714286
0.0714286
0.785714
0.0714286
LLLLLDDDDLLLL
0.0416667
0.0416667
0.875
0.0416667
LLLLLDDDDLLLLLLLL
0.0714286
0.0714286
0.785714
0.0714286
LLLLLDDDL
0.0185185
0.0185185
0.203704
0.759259
LLLLLDDDLL
0.0714286
0.0714286
0.0714286
0.785714
LLLLLDDDLLLLLLL
0.0714286
0.0714286
0.785714
0.0714286
LLLLLDDLL
0.0294118
0.0294118
0.323529
0.617647
LLLLLDLLL
0.0714286
0.0714286
0.0714286
0.785714
LLLLLL
0.0642971
0.271965
0.000399361
0.663339
LLLLLLD
0.00806452
0.00806452
0.25
0.733871
LLLLLLDD
0.00490196
0.102941
0.29902
0.593137
LLLLLLDDD
0.000986193
0.030572
0.27712
0.691321
LLLLLLDDDD
0.00110619
0.0232301
0.299779
0.675885
LLLLLLDDDDD
0.0714286
0.0714286
0.0714286
0.785714
LLLLLLDDDDDD
0.0106383
0.0106383
0.223404
0.755319
LLLLLLDDDDDDD
0.0714286
0.0714286
0.0714286
0.785714
LLLLLLDDDDDDDD
0.015625
0.015625
0.171875
0.796875
LLLLLLDDDDL
0.0714286
0.0714286
0.785714
0.0714286
LLLLLLDDDDLL
0.0714286
0.0714286
0.0714286
0.785714
LLLLLLDDDL
0.0714286
0.0714286
0.0714286
0.785714
LLLLLLDDDLL
0.0714286
0.0714286
0.785714
0.0714286
LLLLLLDDL
0.0714286
0.0714286
0.785714
0.0714286
LLLLLLDL
0.0416667
0.0416667
0.0416667
0.875
LLLLLLDLLLLL
0.0714286
0.0714286
0.0714286
0.785714
LLLLLLDLLLLLL
0.0714286
0.0714286
0.0714286
0.785714
LLLLLLL
0.0416667
0.348443
0.000457875
0.609432
LLLLLLLD
0.00694444
0.145833
0.145833
0.701389
LLLLLLLDD
0.00340136
0.00340136
0.207483
0.785714
LLLLLLLDDD
0.0124434
0.0350679
0.35181
0.600679
LLLLLLLDDDD
0.0597826
0.00543478
0.168478
0.766304
LLLLLLLDDDDD
0.0294118
0.0294118
0.0294118
0.911765
LLLLLLLDDDDDD
0.0227273
0.0227273
0.25
0.704545
LLLLLLLDDDDDDD
0.0185185
0.0185185
0.203704
0.759259
LLLLLLLDDDDDDDD
0.0294118
0.0294118
0.0294118
0.911765
LLLLLLLDDDLLLLLLLLL
0.0416667
0.0416667
0.875
0.0416667
LLLLLLLDDL
0.0714286
0.0714286
0.0714286
0.785714
LLLLLLLDL
0.0416667
0.0416667
0.0416667
0.875
LLLLLLLDLLL
0.0714286
0.0714286
0.785714
0.0714286
LLLLLLLDLLLL
0.0714286
0.0714286
0.0714286
0.785714
LLLLLLLDLLLLLLL
0.0714286
0.0714286
0.785714
0.0714286
LLLLLLLL
0.0432734
0.257498
0.000428449
0.6988
LLLLLLLLD
0.00171233
0.00171233
0.104452
0.892123
LLLLLLLLDD
0.0016835
0.0690236
0.136364
0.792929
LLLLLLLLDDD
0.00274725
0.0302198
0.112637
0.854396
LLLLLLLLDDDD
0.00352113
0.00352113
0.214789
0.778169
LLLLLLLLDDDDD
0.0714286
0.0714286
0.0714286
0.785714
LLLLLLLLDDDDDD
0.0227273
0.0227273
0.25
0.704545
LLLLLLLLDDDDDDD
0.0294118
0.0294118
0.0294118
0.911765
LLLLLLLLDDDLLLL
0.0714286
0.0714286
0.785714
0.0714286
LLLLLLLLDDLLLL
0.0294118
0.0294118
0.911765
0.0294118
LLLLLLLLDDLLLLLL
0.0714286
0.0714286
0.785714
0.0714286
LLLLLLLLDL
0.0416667
0.0416667
0.0416667
0.875
LLLLLLLLDLL
0.0714286
0.785714
0.0714286
0.0714286
LLLLLLLLL
0.0534591
0.263103
0.00104822
0.68239
LLLLLLLLLD
0.00124378
0.0261194
0.0883085
0.884328
LLLLLLLLLDD
0.0185185
0.0185185
0.203704
0.759259
LLLLLLLLLDDD
0.00574713
0.0632184
0.350575
0.58046
LLLLLLLLLDDDD
0.00806452
0.00806452
0.0887097
0.895161
LLLLLLLLLDDDDDD
0.0714286
0.0714286
0.0714286
0.785714
LLLLLLLLLDDDLLLLL
0.0714286
0.0714286
0.785714
0.0714286
LLLLLLLLLDLLLL
0.0714286
0.0714286
0.785714
0.0714286
LLLLLLLLLDLLLLLLL
0.0714286
0.0714286
0.785714
0.0714286
LLLLLLLLLL
0.00171233
0.155822
0.00171233
0.840753
LLLLLLLLLLD
0.0227273
0.0227273
0.25
0.704545
LLLLLLLLLLDD
0.0714286
0.785714
0.0714286
0.0714286
LLLLLLLLLLDDD
0.0185185
0.0185185
0.388889
0.574074
LLLLLLLLLLDDDD
0.0185185
0.0185185
0.0185185
0.944444
LLLLLLLLLLL
0.00694444
0.0763889
0.00694444
0.909722
LLLLLLLLLLLD
0.0416667
0.0416667
0.0416667
0.875
LLLLLLLLLLLDDD
0.0294118
0.0294118
0.0294118
0.911765
LLLLLLLLLLLDDDD
0.0714286
0.0714286
0.0714286
0.785714
LLLLLLLLLLLL
0.0714286
0.0714286
0.0714286
0.785714
LLLLLLLLLLLLD
0.0714286
0.0714286
0.785714
0.0714286
LLLLLLLLLLLLL
0.0714286
0.0714286
0.0714286
0.785714
LLLLLLLLS
0.0714286
0.0714286
0.0714286
0.785714
LLLLLLLLSDDD
0.0714286
0.0714286
0.0714286
0.785714
LLLLLS
0.0714286
0.0714286
0.0714286
0.785714
LLLLLSDDD
0.0714286
0.0714286
0.0714286
0.785714
LLLLLSLL
0.785714
0.0714286
0.0714286
0.0714286
LLLS
0.0714286
0.0714286
0.0714286
0.785714
LLLSLL
0.0714286
0.0714286
0.0714286
0.785714
LLLSLLDDD
0.0714286
0.0714286
0.0714286
0.785714
LS
0.785714
0.0714286
0.0714286
0.0714286
S
0.931818
0.0227273
0.0227273
0.0227273
SDD
0.875
0.0416667
0.0416667
0.0416667
SDDD
0.971154
0.00961538
0.00961538
0.00961538
SDDDD
0.875
0.0416667
0.0416667
0.0416667
SDDDDDD
0.785714
0.0714286
0.0714286
0.0714286
SDDDDDDD
0.875
0.0416667
0.0416667
0.0416667
SDDDDDDDD
0.785714
0.0714286
0.0714286
0.0714286
SDDDDDDDDD
0.911765
0.0294118
0.0294118
0.0294118
SLL
0.875
0.0416667
0.0416667
0.0416667
SLLDDD
0.785714
0.0714286
0.0714286
0.0714286
SLLLL
0.875
0.0416667
0.0416667
0.0416667
SLLLLLLLL
0.785714
0.0714286
0.0714286
0.0714286
SS
0.785714
0.0714286
0.0714286
0.0714286
SSSSDDD
0.785714
0.0714286
0.0714286
0.0714286

520
910
690
328
76
36
41
37
33
18
7
1
1
0
0
0
0
0
0
0
86
175
287
540
418
116
568
898
709
237
35
10
3
0
0
0
0
0
0
0
0
0
0
0
0
0
0
0
0
0
0
0
0
0
0
0
0
0
0
0
0
0
0
0
0.27801
0.150593
0.000109842
0.571287
0.0508401
0.0479432
0.0435979
0.857619
0.0338002
0.0338002
0.067296
0.865104
0.0667539
0.0405759
0.11911
0.77356
0.0302198
0.195055
0.0302198
0.744505
0.123188
0.171498
0.02657
0.678744
0.163102
0.0294118
0.0561497
0.751337
0.0628743
0.0928144
0.122754
0.721557
0.00543478
0.00543478
0.11413
0.875
0
0
0
0
0.308438
0.200114
0.000570125
0.490878
0.167363
0.111691
0.059499
0.661447
0.0186899
0.050148
0.0408956
0.890266
0.0169694
0.0576004
0.0145794
0.910851
0.0609966
0.189863
0.0695876
0.679553
0.0283251
0.0670303
0.0107319
0.893913
0.0179207
0.045748
0.0323909
0.90394
0.000140964
0.00859882
0.00859882
0.982661
0.00463353
0.00042123
0.00463353
0.990312
0
0
0
0
0.25
0.25
0.25
0.25
0.25
0.25
0.25
0.25
0.25
0.25
0.25
0.25
0.25
0.25
0.25
0.25
0.25
0.25
0.25
0.25
0.25
0.25
0.25
0.25
0.25
0.25
0.25
0.25
0.25
0.25
0.25
0.25
0.25
0.25
0.25
0.25
0
10
2
0
12
0
00
0
1
0
24
0
000
0
0
0
11
0
000000
0
1
0
0
0
00000000
0
0
0
1
0
000111
0
0
0
1
0
00083209
0
0
0
1
0
001
0
0
0
4
0
001122
0
0
0
1
0
0011240
0
0
0
1
0
00121429
0
0
0
1
0
00123
0
1
0
1
0
003003420
0
0
0
1
0
004030215
0
0
0
1
0
0053
0
0
0
1
0
0056298
0
0
0
1
0
00679298
0
0
0
1
0
007
0
0
0
6
0
00722
0
1
0
0
0
008
0
0
0
2
0
008818
0
0
0
1
0
009
0
0
0
2
0
009268
0
0
0
1
0
01
0
0
0
3
0
01002596
0
0
0
1
0
0101
0
0
0
1
0
01017
0
0
0
1
0
0102079
0
0
0
1
0
0106
0
0
0
1
0
01118891
0
0
0
1
0
0114
0
0
0
1
0
011450
0
0
0
1
0
011538
0
0
0
1
0
0118
0
0
1
0
0
011823206
0
0
0
1
0
012
0
0
0
1
0
0120
0
0
0
1
0
0121
0
0
0
1
0
01230123
0
0
0
1
0
0123456
0
0
0
1
0
01260914
0
0
0
1
0
0127
1
0
0
1
0
013
0
0
0
1
0
01331295
0
0
0
1
0
01345545
0
0
0
1
0
01359906
0
0
0
1
0
0147258
0
0
0
1
0
015244
0
0
0
1
0
019871002
0
0
0
1
0
020307
0
0
0
1
0
02036591866
0
0
1
0
0
0204
0
0
0
1
0
0206642323
0
0
1
0
0
02080711
0
0
0
1
0
0213
0
1
0
0
0
02140214
0
0
0
1
0
02165661722
0
0
1
0
0
0220
0
0
0
1
0
023
0
0
1
0
0
023701321
0
0
1
0
0
024
0
0
0
1
0
02452969
0
0
0
1
0
02478366
0
0
0
1
0
025201314
0
0
0
1
0
0253089
0
0
0
1
0
027165361
0
0
0
1
0
030
0
0
0
1
0
0301
0
0
0
1
0
030245
0
0
0
1
0
03050326
0
0
0
1
0
030564
0
0
0
1
0
03077
0
0
0
1
0
0308
0
0
0
2
0
031
0
0
0
1
0
0310
0
0
0
1
0
03114235
0
0
0
1
0
0316
0
0
0
1
0
0318
0
0
0
1
0
032111
0
0
0
1
0
0323
0
0
0
1
0
0327
0
0
1
0
0
03273815
0
0
0
1
0
0328
0
0
0
2
0
0341047
0
0
0
1
0
03798143
0
0
0
1
0
04
0
0
0
2
0
040443
0
0
0
1
0
04050
0
1
0
0
0
04050213
0
0
0
1
0
040507
0
0
0
1
0
04121028
0
0
0
1
0
041314
0
0
0
1
0
0414
0
0
0
1
0
0420
0
0
0
1
0
0421
0
0
0
1
0
0431
0
0
0
1
0
0437028515
0
0
1
0
0
0451392
0
0
0
1
0
04700452
0
0
0
1
0
0483311
0
1
0
0
0
05
0
1
0
1
0
050000
0
0
0
1
0
0501
0
0
0
1
0
051006
0
0
0
1
0
05108795
0
0
0
1
0
05123114
0
0
0
1
0
0516
0
0
0
1
0
0517
0
0
0
1
0
0523
0
1
0
0
0
05238
0
0
0
1
0
052388
0
0
0
1
0
05282008
0
0
0
1
0
053
0
0
0
1
0
0530
0
1
0
0
0
053012
0
0
0
1
0
0530123
0
0
0
1
0
0554
0
0
0
1
0
05564613123
0
0
1
0
0
05579911
0
0
0
1
0
056285
0
0
0
1
0
057487120923
0
0
1
0
0
0577
0
0
0
1
0
05783
0
0
0
1
0
059
0
0
0
1
0
06
0
0
0
1
0
0601
0
0
0
1
0
060117
0
0
0
1
0
060151
0
0
0
1
0
06034508
0
0
0
1
0
061
0
0
1
0
0
0610
0
0
0
1
0
0611100216
0
0
1
0
0
0616
0
0
0
1
0
0619629
0
1
0
0
0
0625
0
0
0
1
0
066
0
0
0
1
0
06602864
0
0
0
1
0
06704414
0
0
0
1
0
06848229
0
0
0
1
0
07
1
0
0
0
0
070300
0
1
0
0
0
07097105
0
0
0
1
0
0713
0
0
0
1
0
07135461
0
0
0
1
0
072155625
0
0
0
1
0
0723
0
0
0
1
0
07348
0
0
0
1
0
0793
0
0
0
1
0
08
2
0
0
0
0
080
0
0
0
1
0
0804
0
0
0
1
0
0805
0
0
0
1
0
08121028
0
0
0
1
0
0814
0
0
0
1
0
081602
0
0
0
1
0
081922
0
1
0
0
0
0823
0
0
0
1
0
0824
0
0
0
1
0
0826
0
0
0
1
0
083583
0
0
0
1
0
08521369
0
0
0
1
0
08856677
0
0
0
1
0
08860
0
0
0
1
0
089107
0
0
0
1
0
0891224
0
0
1
0
0
09011991
0
0
0
1
0
0908
0
0
0
1
0
091
0
0
1
0
0
0911
0
0
0
1
0
092016
0
0
0
1
0
0922
0
0
0
1
0
09268769
0
0
0
1
0
0927
0
0
0
1
0
09318838718
0
0
1
0
0
0932313
0
0
0
2
0
0980980
0
0
0
1
0
09809809
0
0
0
1
0
098098098
0
0
0
1
0
0982
0
0
0
1
0
09998802789
0
0
1
0
0
1
9
20
0
14
0
10
6
1
2
1
0
100
0
0
0
3
0
1001
0
0
0
1
0
100200
0
1
0
1
0
1004
0
0
0
1
0
1006
0
0
0
1
0
1008
0
0
0
1
0
1009
0
0
0
1
0
100900
0
0
0
1
0
10101
0
0
0
1
0
10110
0
0
0
1
0
101208
0
0
0
1
0
10122006
0
0
0
1
0
1013
1
0
0
0
0
1014
0
0
0
1
0
1016
0
0
0
1
0
1019
0
0
0
1
0
1020
0
0
0
1
0
1023
0
0
0
1
0
102300
0
0
0
1
0
1024
0
0
0
2
0
1025
0
0
0
1
0
1026537
0
0
0
1
0
1027
0
0
0
2
0
1028
0
0
0
1
0
1030
0
0
0
1
0
103007
0
0
0
1
0
1032988
0
0
1
0
0
10410
0
0
0
1
0
10433520
0
0
0
1
0
1048
0
0
0
1
0
10610
0
0
1
0
0
106910
0
0
0
1
0
1069859
0
0
0
1
0
107043547
0
0
0
1
0
109
0
0
0
3
0
109127
0
0
0
1
0
1096
0
0
0
1
0
11
1
1
0
13
0
110
0
0
0
19
0
11007412
0
0
0
1
0
1101
0
0
0
1
0
110110
0
0
0
1
0
110120
0
0
0
4
0
1102
0
1
0
0
0
1104123
0
0
0
1
0
110511
0
0
0
1
0
1106
0
0
0
1
0
111
0
0
0
4
0
111111111
0
0
0
1
0
1112
0
0
0
1
0
11121314
0
0
0
1
0
1114033
0
0
0
1
0
1118
0
0
0
1
0
11191
0
0
0
1
0
112
0
0
0
2
0
1121
0
0
0
1
0
112101
0
0
0
1
0
1122
0
1
0
2
0
1122104
0
0
0
1
0
112233
0
0
0
1
0
112244
0
1
0
0
0
1122447
0
0
0
1
0
1123
0
0
0
1
0
112368
0
0
0
1
0
1124
0
0
0
3
0
1126
0
0
0
1
0
1127
0
0
0
1
0
112767
0
0
0
1
0
1128824
0
0
0
1
0
113
0
0
0
1
0
113141
0
0
0
1
0
1133255
0
0
0
1
0
114119
0
0
0
1
0
116223
0
0
0
1
0
116517280
0
0
0
1
0
118
0
0
0
1
0
1188
0
0
0
1
0
11899
0
0
0
1
0
119
0
0
0
4
0
119180547
0
0
0
1
0
11942638
0
0
0
1
0
12
0
8
1
27
0
120
0
0
6
1
0
12001325
0
0
0
1
0
1201
0
0
0
1
0
1202
0
0
0
1
0
1203
0
0
0
1
0
12041220
0
0
0
1
0
1205
0
0
0
2
0
1207
0
0
0
1
0
1209
0
0
0
1
0
121
0
1
0
2
0
12110002
0
0
0
1
0
1211281
0
0
0
1
0
12122424
0
0
0
1
0
1213
0
0
0
2
0
121312
0
0
0
1
0
121314
0
0
0
1
0
1213789
0
0
0
1
0
1214
0
0
0
1
0
1215
0
0
0
1
0
12152156
0
0
0
1
0
1215225
0
0
0
2
0
121525486
0
0
0
1
0
1216
1
0
0
1
0
121615
0
0
0
1
0
12164117
0
0
0
1
0
121695
0
0
0
1
0
12170
0
0
0
1
0
121700
0
0
0
1
0
1219
0
0
0
1
0
122
0
0
0
1
0
1220
0
0
0
1
0
122065
0
0
0
1
0
1221
0
0
0
2
0
1221310
0
0
0
1
0
1223
0
0
0
1
0
1223110
0
0
0
1
0
1225
0
0
0
1
0
1228
0
0
0
2
0
122856
0
0
0
1
0
1229
0
0
0
1
0
123
0
11
0
132
0
1230
0
0
0
4
0
123001
0
0
0
1
0
1230023
0
0
0
1
0
1230123
0
0
0
3
0
12301230
0
0
0
1
0
1230530
0
0
0
1
0
1231
0
0
0
1
0
12312
0
1
0
0
0
123123
0
0
0
2
0
1231230
0
0
0
1
0
123123123
0
0
0
1
0
12315
0
1
0
1
0
1231520
0
0
0
1
0
12321547
0
0
0
1
0
1233
0
0
0
1
0
123321
0
0
0
1
0
123321520
0
0
0
1
0
1234
0
1
1
7
0
12341234
0
0
0
1
0
12345
0
1
0
8
0
123456
0
7
0
34
0
1234560
0
1
0
0
0
1234567
0
1
0
0
0
1234567410
0
0
0
1
0
12345678
0
0
0
2
0
123456789
0
0
0
9
0
123457
0
0
0
1
0
123458
0
0
0
1
0
1234610
0
0
0
1
0
123520
0
0
0
1
0
123535363
0
0
0
1
0
123581321
0
0
0
1
0
123654
0
0
0
1
0
123698745
0
0
0
1
0
123720
0
0
0
1
0
12394520
0
0
0
1
0
124136447
0
0
0
1
0
124410816
0
0
0
1
0
1245
0
1
0
0
0
12455623
0
0
0
1
0
124578
0
0
0
2
0
124695157
0
0
0
1
0
125
0
0
0
1
0
1258
0
0
0
1
0
12590056
0
0
0
1
0
125906123
0
0
0
1
0
126
0
0
0
1
0
127556
0
0
0
1
0
128
0
0
1
0
0
129068
0
0
0
1
0
12978261
0
0
1
0
0
13
0
0
0
10
0
1300844
0
0
0
1
0
1302187
0
0
0
1
0
130625198
0
0
0
1
0
1306251986
0
0
0
1
0
130730
0
0
0
1
0
13084264
0
0
0
1
0
131
0
0
0
4
0
131002
0
0
0
1
0
1310222
0
0
0
1
0
13128138
0
0
0
1
0
1314
0
1
0
52
0
13141231
0
0
0
1
0
1314159
0
0
0
1
0
131452
0
0
0
1
0
1314520
0
0
0
12
0
13145208
0
0
0
1
0
1314521
0
0
0
7
0
131492510
0
0
0
1
0
13171
0
0
0
1
0
131711
0
0
0
1
0
13196325
0
0
0
1
0
131963255
0
0
0
1
0
1319632557
0
0
0
1
0
13196325571
0
0
0
1
0
132
0
0
0
1
0
13344
0
0
1
0
0
13408518
0
0
0
1
0
134142
0
1
0
0
0
13425600
0
0
0
1
0
134501
0
0
0
1
0
134518
0
0
0
1
0
134679
0
0
0
2
0
134679852
0
0
0
1
0
135123
0
0
0
1
0
135125
0
0
0
1
0
1351372
0
0
0
1
0
1352910
0
0
0
1
0
135423845
0
0
0
1
0
135519
0
0
0
1
0
13579
0
0
0
1
0
135792468
0
0
0
1
0
13579977
0
0
0
1
0
13584325
0
0
0
1
0
136059
0
0
0
1
0
13616861
0
0
0
1
0
136316
0
0
0
1
0
1364260654
0
0
0
1
0
13647100129
0
0
0
1
0
13662946
0
1
0
0
0
136641005
0
0
0
1
0
1366410056
0
0
0
1
0
13688234
0
0
0
1
0
1369469720
0
0
0
1
0
1370
0
0
0
2
0
13702356
0
0
0
1
0
137365363
0
0
0
1
0
13759963237
0
0
0
1
0
13764172
0
0
0
1
0
1376686
0
0
0
1
0
137864431
0
0
0
1
0
1379710
0
0
0
1
0
138
0
0
0
1
0
1383766
0
0
0
1
0
138402211
0
0
0
1
0
13858789
0
0
0
1
0
138739
0
0
0
1
0
13883517
0
0
0
1
0
13949210
0
0
0
1
0
139492102
0
0
0
1
0
1394921026
0
0
0
1
0
139588
0
0
0
1
0
1396400
0
0
0
1
0
1396599
0
0
0
1
0
1396839
0
0
0
1
0
13982563
0
0
0
1
0
14
2
0
0
2
0
141
0
0
0
1
0
1412
0
0
0
1
0
141414
0
0
0
1
0
14334
0
0
0
1
0
14516
0
0
0
1
0
145236
0
0
0
1
0
145632
0
0
0
1
0
147258
0
0
0
2
0
147369
0
0
0
1
0
1475320
0
0
0
1
0
147701
0
1
0
0
0
1478520
0
0
0
1
0
1478963
0
0
0
1
0
148
0
0
0
1
0
149096845
0
0
0
1
0
15
1
0
0
1
0
151
0
0
0
1
0
15120
0
0
0
1
0
15283399
0
0
0
1
0
15310673
0
0
0
1
0
154
0
0
0
1
0
154114315
0
0
0
1
0
1544644
0
0
0
1
0
155630
0
0
0
1
0
156454
0
1
0
0
0
1575
0
0
0
1
0
157965
0
0
0
1
0
158308
0
1
0
0
0
159
0
1
0
3
0
15923
0
0
0
1
0
159357
0
0
0
1
0
1593570
0
0
0
1
0
159409
0
0
0
1
0
1594578
0
0
0
1
0
159510
0
0
0
1
0
159875321
0
0
0
1
0
15990576
0
0
0
1
0
1599511
0
0
0
1
0
1599571
0
0
0
1
0
15995710
0
0
0
1
0
16
0
0
0
2
0
160
0
0
0
1
0
161761400
0
0
0
1
0
1621667899
0
0
0
1
0
16285077
0
0
0
1
0
163
0
0
0
1
0
163163
0
0
0
1
0
1634399
0
0
0
1
0
164284564
0
0
0
1
0
16432188
0
0
0
1
0
1650225
0
0
1
0
0
167
0
0
0
1
0
167669123
0
0
0
1
0
168
0
0
0
3
0
1680
0
0
0
1
0
168168
0
1
0
0
0
17
0
0
0
1
0
1726933
0
1
0
0
0
17269332
0
0
0
1
0
173
1
0
0
0
0
173120
0
0
0
1
0
174487545
0
0
0
1
0
1758
0
0
0
1
0
1780126
0
0
1
0
0
178052
0
0
1
0
0
17852
0
0
0
1
0
1788
1
0
0
0
0
17891111
0
0
0
1
0
179852873
0
0
0
1
0
18022972
0
0
0
1
0
181
0
0
0
1
0
1810429
0
0
1
0
0
1811126
0
0
1
0
0
1815
0
0
0
1
0
1821214
0
0
1
0
0
182129
0
0
0
1
0
18236
0
0
1
0
0
1830315
0
0
1
0
0
1837168
0
1
0
0
0
18371685
0
0
0
1
0
1840502
0
0
1
0
0
1841108
0
0
1
0
0
1848
0
0
0
1
0
1850305
0
0
1
0
0
1850504
0
0
1
0
0
1860715
0
0
1
0
0
18607560
0
0
0
1
0
186081
0
0
1
0
0
1860902
0
0
1
0
0
1860928
0
0
1
0
0
187
0
0
1
0
0
1880328
0
0
1
0
0
1882
0
0
0
1
0
189
0
0
1
0
0
1890318
0
0
1
0
0
189053
0
0
1
0
0
1890624
0
0
1
0
0
1890719
0
0
1
0
0
1891012
0
0
1
0
0
1891018
0
0
1
0
0
18996
0
0
0
1
0
19
1
1
0
3
0
190715
1
0
0
0
0
1910102
0
0
1
0
0
192123
0
0
0
1
0
192637001
0
0
0
1
0
1940317
0
0
1
0
0
1943
0
0
0
1
0
194356
0
0
0
1
0
1944
0
0
0
1
0
1949101
0
0
0
1
0
194989
0
0
0
1
0
19545520
0
0
0
1
0
19610124
0
0
0
1
0
1963795404
0
0
0
1
0
1969419
0
0
0
1
0
197
0
0
0
1
0
19760423
0
0
0
1
0
197652
0
0
0
1
0
19771
0
0
0
1
0
19771012
0
0
0
1
0
1977103
0
0
0
1
0
19771224
0
0
0
1
0
197717
0
0
0
1
0
1978
0
0
0
2
0
19780210
0
0
0
1
0
19780525
0
0
0
1
0
1978330
0
0
0
1
0
1979
0
0
0
2
0
19790603
0
0
0
1
0
1979318
0
1
0
0
0
197953
0
0
0
1
0
198
0
1
0
0
0
19801002
0
0
0
1
0
19801106
0
0
0
1
0
1980115
0
1
0
0
0
19801207
0
0
0
1
0
1981
0
1
0
3
0
19810166
0
0
0
1
0
198103
0
1
0
0
0
1981031
0
0
0
1
0
19810316
0
0
0
1
0
19810517
0
0
0
1
0
19811006
0
0
0
1
0
19811226
0
0
0
1
0
198120
0
0
0
1
0
19818
0
1
0
0
0
198195
0
0
0
1
0
1982
0
2
0
5
0
19820116
0
0
0
1
0
19820129
0
0
0
1
0
19820305
0
0
0
1
0
19820515
0
0
0
1
0
19820529
0
0
0
1
0
19820820
0
0
0
1
0
19820826
0
0
0
1
0
19821003
0
0
0
1
0
19821024
0
0
0
1
0
19821026
0
0
0
1
0
19821112
0
0
0
1
0
19821215
0
0
0
1
0
198223
0
0
0
1
0
1982501
0
0
0
1
0
198277
0
0
0
1
0
1982915
0
0
0
1
0
1983
0
0
0
3
0
19830204
0
0
0
1
0
19830429
0
0
0
1
0
19830523
0
0
0
1
0
1983072
0
0
0
1
0
19830723
0
0
0
2
0
19830804
0
0
0
1
0
19831016
0
0
0
1
0
19831211
0
0
0
1
0
19831217
0
0
0
1
0
19831226
0
0
0
1
0
19831233
0
0
0
1
0
1983899
0
0
0
1
0
19838992
0
0
0
1
0
198389925
0
0
0
1
0
19839700
0
0
0
1
0
1984
0
1
0
9
0
19840314
0
0
0
1
0
19840328
0
0
0
1
0
19840518
0
0
0
1
0
19840521
0
0
0
1
0
19840605
0
0
0
1
0
19840616
0
0
0
1
0
19841030
0
0
0
1
0
19841033
0
0
0
1
0
1984111
0
1
0
0
0
19841111
0
0
0
1
0
19841201
0
0
0
1
0
19841214
0
0
0
1
0
1984927
0
0
0
1
0
1984928
0
0
0
1
0
1985
0
1
0
9
0
19850112
0
0
0
1
0
198502
0
0
0
1
0
19850213
0
0
0
1
0
19850321
0
0
0
1
0
1985041
0
1
0
0
0
19850418
0
0
0
1
0
1985051
0
1
0
0
0
19850510
0
0
0
1
0
19850529
0
0
0
1
0
19850729
0
0
0
1
0
19850815
0
0
0
1
0
19850904
0
0
0
1
0
19851022
0
0
0
2
0
19851201
0
0
0
1
0
1985121
0
1
0
0
0
19851210
0
0
0
1
0
19851220
0
0
0
1
0
1985124
0
0
0
1
0
198524
0
0
0
1
0
1985325
0
0
0
1
0
198541
0
0
0
1
0
1985426
0
0
0
1
0
198551
0
0
0
1
0
198556890
0
0
0
1
0
1986
0
0
0
10
0
19860
0
2
0
0
0
19860117
0
0
0
1
0
19860208
0
0
0
1
0
19860218
0
0
0
1
0
19860303
0
0
0
1
0
19860326
0
0
0
1
0
19860402
0
0
0
1
0
19860417
0
0
0
1
0
19860529
0
0
0
1
0
198606
0
0
0
2
0
1986060
0
0
0
1
0
19860605
0
0
0
1
0
19860716
0
0
0
1
0
19860717
0
0
0
1
0
198608
0
0
0
1
0
19860803
0
0
0
2
0
19860813
0
0
0
1
0
19860826
0
0
0
1
0
19860908
0
0
0
2
0
19860915
0
0
0
1
0
19860925
0
0
0
1
0
19861
0
1
0
0
0
198610
0
1
0
0
0
19861002
0
0
0
1
0
19861004
0
0
0
1
0
1986101
0
0
0
1
0
19861010
0
0
0
1
0
19861013
0
0
0
1
0
19861022
0
0
0
1
0
198611
0
0
0
1
0
19861106
0
0
0
1
0
19861118
0
0
0
1
0
19861120
0
0
0
1
0
19861129
0
0
0
1
0
1986118
0
0
0
2
0
198612
0
0
0
1
0
19861207
0
0
0
1
0
19861210
0
0
0
1
0
1986122
0
0
0
1
0
19861220
0
0
0
1
0
19861227
0
0
0
1
0
198613
0
0
0
1
0
198616
0
0
0
1
0
198616981
0
0
0
1
0
198618
0
0
0
1
0
19862188
0
0
0
1
0
198626
0
0
0
1
0
1986310
0
0
0
1
0
1986313
0
0
0
1
0
1986321
0
0
0
1
0
1986414
0
0
0
2
0
198642
0
0
0
1
0
1986423
0
0
0
1
0
1986520
0
0
0
1
0
198671
0
0
0
1
0
1986822
0
0
0
1
0
1986913
0
0
0
1
0
1986918
0
1
0
0
0
1987
0
1
0
16
0
19870101
0
0
0
1
0
19870131
0
0
0
1
0
19870203
0
0
0
2
0
19870210
0
0
0
1
0
19870220
0
0
0
1
0
19870305
0
0
0
1
0
19870401
0
0
0
1
0
19870402
0
0
0
1
0
1987052
0
0
0
1
0
19870527
0
0
0
1
0
198706081
0
0
0
1
0
1987060819
0
0
0
1
0
19870608195
0
0
0
1
0
19870618
0
0
0
1
0
19870629
0
0
0
1
0
19870705
0
0
0
1
0
19870818
0
0
0
1
0
19870901
0
0
0
1
0
19870912
0
0
0
1
0
19871
0
1
0
1
0
19871010
0
0
0
1
0
19871025
0
0
0
1
0
19871026
0
0
0
1
0
19871029
0
0
0
1
0
1987105
0
0
0
1
0
198711
0
0
0
2
0
19871101
0
0
0
1
0
19871104
0
0
0
1
0
1987111
0
0
0
1
0
19871113
0
0
0
1
0
19871116
0
0
0
1
0
1987116
0
0
0
1
0
1987120
0
0
0
1
0
19871211
0
0
0
2
0
19871219
0
0
0
1
0
19871221
0
0
0
2
0
19871224
0
0
0
1
0
19871229
0
0
0
1
0
1987181
0
0
0
1
0
1987212
0
0
0
2
0
1987230
0
0
0
1
0
198729
0
0
0
1
0
19873021
0
0
0
1
0
19875190
0
1
0
0
0
19875200
0
0
0
1
0
19875210
0
0
0
1
0
1987528
0
0
0
1
0
1987601
0
0
0
1
0
1987610
0
0
0
1
0
1987612
0
0
0
1
0
1987619
0
0
0
1
0
1987723
0
0
1
0
0
1987727
0
0
0
1
0
19878
0
0
0
1
0
198782
0
0
0
1
0
198799
0
0
0
1
0
1988
0
1
0
9
0
19880115
0
0
0
1
0
19880123
0
0
0
1
0
1988015
0
0
0
1
0
19880302
0
0
0
1
0
19880310
0
0
0
1
0
19880315
0
0
0
1
0
19880319
0
0
0
1
0
19880405
0
0
0
1
0
19880521
0
0
0
1
0
19880526
0
0
0
1
0
19880601
0
0
0
1
0
19880612
0
0
0
1
0
19880626
0
0
0
1
0
19880702
0
0
0
1
0
19880704
0
0
0
1
0
19880708
0
0
0
1
0
19880818
0
0
0
1
0
19880824
0
0
0
1
0
19880825
0
0
0
1
0
1988091
0
0
0
1
0
19880913
0
0
0
1
0
19880914
0
0
0
1
0
19881004
0
0
0
1
0
19881021
0
0
0
1
0
19881022
0
0
0
1
0
19881026
0
0
0
1
0
19881106
0
0
0
1
0
19881111
0
0
0
1
0
19881120
0
0
0
1
0
19881122
0
0
0
1
0
1988116
0
0
0
1
0
19881160
0
0
0
1
0
1988118
0
0
0
1
0
19881200
0
0
0
1
0
198812000
0
0
0
1
0
19881209
0
0
0
1
0
1988121
0
0
0
1
0
19881216
0
0
0
1
0
19881224
0
0
0
1
0
19881226
0
0
0
1
0
198817
0
0
0
1
0
198822
0
0
0
1
0
1988323
0
0
0
1
0
19885
0
0
0
1
0
1988528
0
0
0
1
0
198858
0
0
0
1
0
1988621
0
0
0
1
0
1988714
0
0
0
1
0
1988721
0
0
0
1
0
1988810
0
0
0
1
0
1988815
0
0
0
1
0
1988829
0
0
0
1
0
198891
0
0
0
1
0
1989
0
0
0
6
0
198902
0
0
0
1
0
19890223
0
0
0
1
0
19890303
0
0
0
1
0
198903052008
0
0
0
1
0
19890329
0
1
0
0
0
198904
0
0
0
1
0
19890401
0
0
0
1
0
1989051
0
0
0
1
0
19890517
0
0
0
1
0
19890531
0
0
0
1
0
19890625
0
0
0
1
0
19890715
0
0
0
1
0
1989072
0
1
0
0
0
19890724
0
0
0
2
0
19890815
0
0
0
1
0
19890823
0
0
0
1
0
19890924
0
0
0
1
0
198910
0
0
0
1
0
19891010
0
0
0
1
0
19891014
0
0
0
1
0
19891016
0
0
0
1
0
19891031
0
0
0
1
0
19891106
0
0
0
1
0
19891113
0
0
0
1
0
19891122
0
0
0
1
0
19891125
0
0
0
1
0
19891126
0
0
0
1
0
19891130
0
0
0
1
0
19891207
0
0
0
1
0
19891209
0
0
0
1
0
1989124
0
0
0
1
0
19891270
0
0
0
1
0
198914
0
0
0
1
0
19891414
0
0
0
1
0
198916
0
0
0
1
0
1989212
0
0
0
1
0
1989223
0
0
0
1
0
198932400
0
0
0
1
0
19893271
0
0
0
1
0
198932719
0
0
0
1
0
1989427
0
0
0
1
0
198944
0
1
0
0
0
1989529
0
0
0
1
0
19895568
0
0
0
1
0
1989635
0
0
0
1
0
198971
0
0
0
1
0
1989713
0
0
0
1
0
1989810
0
0
0
1
0
1989822
0
0
0
1
0
198992
0
0
0
1
0
1989923
0
0
0
1
0
1989926
0
0
0
1
0
199
0
0
0
1
0
1990
0
0
0
6
0
19900104
0
0
0
1
0
1990011613
0
0
0
1
0
19900126
0
0
0
1
0
19900301
0
0
0
1
0
19900406
0
0
0
1
0
19900503
0
0
0
1
0
19900519
0
0
0
1
0
19900626
0
0
0
1
0
19900628
0
0
0
1
0
19900709
0
0
0
1
0
19900715
0
0
0
1
0
19900724
0
0
0
1
0
1990091
0
0
0
1
0
19900916
0
0
0
1
0
199009166
0
0
0
1
0
19901023
0
0
0
1
0
199010267
0
0
0
1
0
19901103
0
0
0
1
0
19901108
0
0
0
1
0
19901117
0
0
0
1
0
19901124
0
0
0
1
0
19901205
0
0
0
1
0
19901207
0
0
0
1
0
19901214
0
0
0
1
0
19901216
0
0
0
1
0
19901220
0
0
0
1
0
19901227
0
0
0
1
0
1990125
0
0
0
1
0
1990126
0
0
0
1
0
1990202
0
0
0
1
0
1990214
0
0
0
1
0
1990222
0
0
0
1
0
1990329
0
0
0
1
0
199044
0
0
0
1
0
1990521
0
0
0
1
0
1990525
0
0
0
2
0
199062
0
0
0
1
0
1990627
0
0
0
1
0
19907151
0
0
0
1
0
199071512
0
0
0
1
0
1990715123
0
0
0
1
0
19908147
0
0
0
1
0
19909
0
0
0
1
0
1990910
0
0
0
1
0
199095
0
0
0
1
0
1991
0
0
0
7
0
19910215
0
0
0
2
0
19910329
0
0
0
1
0
19910358
0
0
0
1
0
19910501
0
0
0
1
0
19910527
0
0
0
1
0
19910629
0
0
0
1
0
19910630
0
0
0
1
0
19910705
0
0
0
1
0
19910710
0
0
0
1
0
19910724
0
0
0
1
0
19910727
0
0
0
1
0
19910808
0
0
0
1
0
19910819
0
0
0
1
0
19910911
0
0
0
1
0
19910928
0
0
0
1
0
19911012
0
0
0
1
0
19911021
0
0
0
1
0
19911130
0
0
0
1
0
19911203
0
0
0
1
0
19911210
0
0
0
2
0
19911220
0
0
0
1
0
1991124
0
0
0
1
0
199125
0
0
0
1
0
1991521
0
0
0
1
0
199169
0
0
0
1
0
1991721
0
0
0
1
0
1991921
0
0
0
1
0
1992
0
0
0
3
0
19920108
0
0
0
1
0
19920218
0
0
0
1
0
199203125
0
0
0
1
0
1992031252
0
0
0
1
0
19920312521
0
0
0
1
0
19920516
0
0
0
1
0
19920610
0
0
0
1
0
19920624
0
0
0
1
0
19920628
0
0
0
1
0
19920716
0
0
0
1
0
19920720
0
0
0
1
0
19920802
0
0
0
1
0
19920911
0
0
0
1
0
19920922
0
0
0
1
0
1992102
0
0
0
1
0
19921020
0
0
0
1
0
19921026
0
0
0
1
0
199215
0
0
0
1
0
199241
0
0
0
1
0
1992515
0
0
0
1
0
199272
0
0
0
1
0
199286
0
0
0
1
0
1992921
0
0
0
1
0
1993
0
0
0
5
0
19930
0
1
0
0
0
199303
0
0
0
1
0
19930322
0
0
0
1
0
199304
0
0
0
1
0
1993042
0
0
0
1
0
19930426
0
0
0
1
0
19930503
0
0
0
1
0
19930520
0
0
0
1
0
19930610
0
0
0
1
0
19930705
0
0
0
1
0
19930830
0
0
0
1
0
19930920
0
0
0
1
0
19931
0
1
0
0
0
19931014
0
0
0
1
0
19931015
0
0
0
1
0
19931029
0
0
0
1
0
199312
0
0
0
1
0
19931222
0
0
0
1
0
1993129
0
0
0
1
0
1993328
0
0
0
1
0
1994
0
0
0
2
0
19940201
0
0
0
1
0
19940409
0
0
0
1
0
19940630
0
0
0
1
0
19940703
0
0
0
1
0
19940928
0
0
0
1
0
19941005
0
0
0
1
0
19941010
0
0
0
1
0
19941209
0
0
0
1
0
1994122
0
0
0
1
0
1994129
0
0
0
1
0
19943956
0
0
0
1
0
1994419
0
0
0
1
0
1994515
0
0
0
1
0
1994624
0
0
0
1
0
199489
0
0
0
1
0
1994913123
0
0
0
1
0
19950519
0
0
0
1
0
19950717
0
0
0
1
0
19950804
0
0
0
1
0
19950822
0
0
0
1
0
1995422
0
0
0
1
0
1995815
0
0
0
1
0
1996
0
1
0
1
0
1997
0
1
0
0
0
19980324
0
0
0
1
0
1999
0
0
0
1
0
1999410
0
0
0
1
0
2
9
7
0
15
0
20
9
0
2
3
0
200
0
2
0
1
0
2000
0
0
0
1
0
2001
0
0
0
2
0
2002
0
0
0
3
0
20020952
0
0
0
1
0
20026665
0
0
0
1
0
2003
0
0
0
1
0
20030618
0
0
0
1
0
20031223
0
0
0
1
0
2004
0
0
0
1
0
200414
0
0
0
1
0
2005111
0
0
0
1
0
20054
0
0
0
1
0
2006
0
0
0
5
0
200601310
0
0
0
1
0
20061014
0
0
0
1
0
20062005
0
0
0
1
0
2007320
0
0
0
1
0
2008
0
0
0
9
0
2008123
0
0
0
1
0
2008346
0
0
0
1
0
2009
0
0
0
1
0
20090128
0
0
0
1
0
2010
0
0
0
2
0
2010000
0
0
0
1
0
201220
0
0
0
1
0
201314
0
0
0
1
0
20192712
0
0
0
1
0
2021225
0
0
0
1
0
2022074
0
0
0
1
0
2022223
0
0
0
1
0
2031013
0
0
1
0
0
2032011
0
0
0
1
0
2033889
0
0
0
1
0
2037250
0
0
0
1
0
20381301
0
0
0
1
0
203813016
0
0
0
1
0
2038130164
0
0
0
1
0
20491231
0
0
0
1
0
20551560
0
0
0
1
0
2060619
0
0
0
1
0
207941
0
0
0
1
0
208
1
0
0
0
0
2081123
0
0
0
1
0
2083580
0
0
0
1
0
20951952
0
0
0
1
0
209519525
0
0
0
1
0
2095195257
0
0
0
1
0
21
7
0
0
4
0
210
0
0
0
1
0
210001
0
0
0
1
0
2100627
0
0
0
1
0
2101525
0
1
0
0
0
2103239
0
0
0
1
0
2104069
0
0
0
1
0
2106362
0
0
0
1
0
210718
0
0
0
1
0
2109338
0
0
0
1
0
211289
0
0
0
1
0
211314
0
0
0
2
0
211355
0
0
0
1
0
21156492
0
0
0
1
0
21195895
0
0
0
1
0
211988
0
0
0
1
0
2121667
0
0
0
1
0
213005
0
1
0
0
0
2132483
0
0
0
1
0
214
0
0
0
2
0
2141890
0
0
0
1
0
21433258
0
0
0
1
0
2148891
0
0
0
1
0
2151341
0
0
0
1
0
2156138
0
0
0
1
0
216
0
0
0
1
0
2166132
0
0
0
1
0
2173881
0
0
0
1
0
21813026
0
0
0
1
0
219100
0
0
0
1
0
2192353
0
0
0
1
0
22
1
0
0
5
0
220
0
0
0
1
0
220523
0
0
0
1
0
221
0
1
0
2
0
2211
0
0
0
1
0
2212
0
0
0
1
0
22129
0
0
0
1
0
2219
0
0
0
1
0
222
0
0
0
3
0
2221005
0
0
0
1
0
2225
0
0
0
1
0
222950
0
0
0
1
0
223
0
0
0
1
0
2231256
0
0
0
1
0
2231981
0
0
0
1
0
2234884
0
0
0
1
0
2235
0
0
0
1
0
22399080
0
0
0
1
0
2240979
0
0
0
1
0
2245
0
0
0
1
0
22453931
0
0
0
1
0
22483325
0
0
0
1
0
225588
0
0
0
1
0
2256056
0
0
0
1
0
2261196
0
0
0
1
0
226534
0
0
0
1
0
227
1
0
0
0
0
22707
0
0
0
1
0
227456321
0
0
0
1
0
228
0
0
0
1
0
228749928
0
0
0
1
0
229
0
0
0
1
0
2295389
0
0
0
1
0
22967733
0
0
0
1
0
23
8
0
0
4
0
230
1
0
0
0
0
2300536
0
0
0
1
0
230125
0
0
0
1
0
231
0
0
0
1
0
2311283
0
0
0
1
0
2314546
0
0
0
1
0
2316577
0
0
0
1
0
2322023
0
0
0
1
0
2323482
1
0
0
0
0
232413
0
0
0
1
0
2326708
0
0
0
1
0
2327135
0
0
0
1
0
2327634
0
0
0
1
0
2327880
0
0
0
1
0
2328556
0
0
0
1
0
2328827
0
0
0
1
0
233
0
0
0
1
0
2332219
0
1
0
0
0
23365565
0
0
0
1
0
233655652
0
0
0
1
0
2336556520
0
0
0
1
0
234
0
0
0
1
0
2343597
0
0
0
1
0
2353121
0
1
0
0
0
2354486
0
0
0
1
0
23704620
0
0
0
1
0
2382299
0
0
0
1
0
23900
0
0
0
1
0
2393
0
0
0
1
0
2398583
0
0
0
1
0
24
0
0
1
0
0
24113245
0
0
0
1
0
2415
0
0
0
1
0
2426320
0
0
0
1
0
24263201
0
0
0
1
0
242632011
0
0
0
1
0
2426764
0
0
0
1
0
243
0
0
0
1
0
2434307
0
0
0
1
0
244044
0
0
0
1
0
24451034
0
0
0
1
0
24668357
0
0
0
1
0
246810
0
0
0
1
0
24836259
0
0
0
1
0
2486135
0
0
0
1
0
248657952
0
0
0
1
0
2486579526
0
0
0
1
0
249192015
0
0
0
1
0
249479
0
0
0
1
0
250
0
0
0
2
0
25012501
0
0
0
1
0
250404748
0
0
0
1
0
250482236
0
0
0
1
0
2506
0
1
0
0
0
2510
1
0
0
0
0
2513269
0
0
0
1
0
251504
0
0
0
1
0
251867341
0
0
0
1
0
251898
0
0
0
1
0
25241521
0
0
0
1
0
2524330
0
0
0
1
0
2526587
0
0
0
1
0
2528030
0
0
0
1
0
2528267
0
0
0
1
0
253140677
0
0
0
1
0
2531516
0
0
0
1
0
2531651
0
0
0
1
0
25347655
0
0
0
1
0
253484649
0
0
0
1
0
253933
0
1
0
0
0
25468000
0
0
0
1
0
255212
0
0
0
1
0
25588428
0
0
0
1
0
2559830
0
0
0
1
0
2562352
0
0
0
1
0
25644564
0
0
0
1
0
256978002
0
0
0
1
0
2572919
0
0
0
1
0
2573628
0
0
0
1
0
25769572
0
0
0
1
0
257758
0
0
0
1
0
25781570
0
0
0
1
0
2579054
0
0
0
1
0
258
0
0
0
2
0
2581940
0
0
0
1
0
258258
0
0
0
1
0
2586
0
0
0
1
0
25866
0
0
0
1
0
258719740
0
0
0
1
0
2587303
0
0
0
1
0
2587758
0
0
0
1
0
258789
0
0
0
1
0
258951889
0
0
0
1
0
26
0
0
1
1
0
2611725
0
1
0
0
0
2611923
0
0
0
1
0
26121058
0
0
0
1
0
2615221
0
0
0
1
0
2617102
0
0
0
1
0
2622223
0
0
0
1
0
262348460
0
0
0
1
0
262431485
0
0
0
1
0
263
0
0
0
1
0
2639
0
0
0
1
0
2654836
0
0
0
1
0
2655205
0
0
0
1
0
267710
0
0
0
1
0
2689590
0
0
0
1
0
269898716
0
0
0
1
0
27
0
0
0
1
0
2711538
0
0
0
1
0
2712412
0
0
0
1
0
271408
0
0
0
1
0
272034661
0
0
0
1
0
272445471
0
0
0
1
0
272817887
0
0
0
1
0
27302130
0
0
0
1
0
273173
0
1
0
0
0
2731800
0
0
0
1
0
27370781
0
0
0
1
0
274629801
0
0
0
1
0
27580111
0
0
0
1
0
2758507
0
0
0
1
0
27613163
0
0
0
1
0
276225
0
0
0
1
0
27690532
0
0
0
1
0
277252
0
1
0
0
0
2772520
0
0
0
1
0
277820351
0
0
0
1
0
2780331
0
0
0
1
0
2802533
0
0
0
1
0
280375
0
0
0
1
0
28221766
0
0
0
1
0
282449770
0
0
0
1
0
2829964
0
0
0
1
0
283060195
0
0
0
1
0
28313543
0
0
0
1
0
283135433
0
0
0
1
0
283350280
0
0
0
1
0
2835091
0
0
0
1
0
28363100
0
0
0
1
0
2845319
0
0
0
1
0
284693339
0
0
0
1
0
2855348
0
0
0
1
0
2860120
0
0
0
1
0
2862192
0
0
0
1
0
2866415
0
0
0
1
0
287398627
0
0
0
1
0
287484088
0
0
0
1
0
287641
0
0
0
1
0
289456563
0
0
0
1
0
2896711
0
0
0
1
0
2898
0
0
0
1
0
289893418
0
0
0
1
0
29
1
0
0
1
0
2902083
0
0
0
1
0
290213036
0
0
0
1
0
29103204
0
0
0
1
0
2917367
0
0
0
1
0
2941221
0
1
0
0
0
29456250
0
0
0
1
0
294666
0
0
0
1
0
295493417
0
0
0
1
0
2957052
0
0
0
1
0
2968519
0
0
0
1
0
29700
0
1
0
0
0
297003
0
0
0
1
0
2970033
0
0
0
1
0
297473912
0
0
0
1
0
2981337
0
0
0
1
0
2998533
0
0
0
1
0
3
2
0
0
11
0
30
2
0
0
0
0
300280
0
0
0
1
0
3011225
0
0
0
1
0
301458
0
0
0
1
0
3019635
0
0
0
1
0
3031069
0
0
0
1
0
3033234
0
1
0
0
0
30332343
0
0
0
1
0
303539160
0
0
0
1
0
303569
0
0
0
1
0
303637112
0
0
0
1
0
3038528
0
0
0
1
0
304
0
0
0
1
0
306
0
0
0
1
0
30624300
0
0
0
1
0
3066
0
0
0
1
0
3069217
0
0
0
1
0
307169788
0
0
0
1
0
307372012
0
0
0
1
0
307617484520
0
0
0
1
0
308096133
0
0
0
1
0
30900707
0
0
0
1
0
3096
0
0
0
1
0
31
0
0
1
1
0
310
0
0
0
1
0
310105
0
0
0
1
0
311007
0
0
0
1
0
311585
0
0
0
1
0
3115855
0
0
0
1
0
3121004
0
0
0
1
0
3121614
0
0
0
1
0
3122490
0
0
0
1
0
3131981
0
0
0
1
0
3132096
0
0
0
1
0
313215
0
0
0
1
0
313307
0
0
0
1
0
31338
0
0
0
1
0
314
0
0
0
2
0
314159
0
0
0
1
0
31415926
0
0
1
2
0
3144402
0
0
0
1
0
314526
0
1
0
0
0
314682
0
0
0
1
0
314780095
0
0
0
1
0
315
0
0
0
1
0
3159039
0
0
0
1
0
3164520
0
0
0
1
0
317
0
0
0
1
0
3186273
0
0
0
1
0
3199025
0
0
0
1
0
32
0
0
0
1
0
32012500
0
0
0
1
0
3202855
0
0
0
1
0
321
0
0
0
5
0
321025
0
0
0
1
0
321029
0
0
0
1
0
321123
0
0
0
1
0
321321
0
0
0
1
0
321654
0
0
0
1
0
321921
0
0
0
1
0
3221494
0
0
0
1
0
3223870
0
0
0
1
0
3228265
0
0
0
1
0
324
0
0
0
1
0
3246322
0
0
0
1
0
3250477
0
0
0
1
0
3251
0
0
0
1
0
3253383
0
0
0
1
0
325609
0
0
0
1
0
3257037
0
0
0
1
0
3261191
0
0
0
1
0
3262390
0
0
0
1
0
3265031
0
0
0
1
0
3268581
0
0
0
1
0
3269
0
0
0
1
0
3269318
0
0
0
1
0
3273149
0
0
0
1
0
32751510
0
0
0
1
0
328805761
0
0
0
1
0
3293664
0
0
0
1
0
33
0
0
0
3
0
3302533
0
0
0
1
0
330330
0
0
0
1
0
3308198
0
0
0
1
0
331
0
1
0
0
0
3312109
0
0
0
1
0
33143524
0
0
0
1
0
3315620
0
0
0
1
0
331562521
0
0
0
1
0
3317135
0
0
0
1
0
3321
0
0
0
1
0
3321152
0
0
0
1
0
3322210
0
0
0
1
0
3326023
0
0
0
1
0
33266
0
1
0
0
0
3331208
0
0
0
1
0
3333
0
0
0
1
0
3344
0
0
0
1
0
334420
0
0
0
1
0
3344520
0
0
0
1
0
33450680
0
0
0
1
0
334506800
0
0
0
1
0
3345068000
0
0
0
1
0
335101
0
0
0
1
0
3351561
0
0
0
1
0
3355409
0
0
0
1
0
3357279
0
0
0
1
0
3362134
0
0
0
1
0
33795544
0
0
0
1
0
338345
0
0
0
1
0
3391
0
0
0
1
0
33929657
0
0
0
1
0
339296579
0
0
0
1
0
3392965790
0
0
0
1
0
34
0
0
0
1
0
3401558
0
0
0
1
0
34157825
0
0
0
1
0
3421489
0
0
0
1
0
342442896
0
0
0
1
0
345457344
0
0
0
1
0
3466558
0
0
0
1
0
347194188
0
0
0
1
0
34724404
0
0
0
1
0
347658
0
0
0
1
0
348598254
0
0
0
1
0
34878321
0
0
0
1
0
35
0
1
0
0
0
350
0
0
0
1
0
3511521
0
1
0
0
0
3518431
0
0
0
1
0
3520
0
0
0
1
0
35241502
0
0
0
1
0
3525190
0
0
0
1
0
3526150
0
0
0
1
0
3527220
0
0
0
1
0
354065
0
0
0
1
0
3557210
0
0
0
1
0
35628432
0
0
0
1
0
3563131
0
0
0
1
0
356890
0
0
0
1
0
357
0
0
0
1
0
3576
0
0
0
1
0
35805061
0
0
0
1
0
358629987
0
0
0
1
0
3588066
0
0
0
1
0
359
0
0
1
0
0
35949653
0
0
0
1
0
362246595
0
0
0
1
0
362341
0
0
0
1
0
36252
0
1
0
0
0
362525
0
0
0
1
0
362529
0
0
0
1
0
363107
0
0
0
1
0
36338390
0
0
0
1
0
363688695
0
0
0
1
0
364369
0
0
0
1
0
364709088
0
0
0
1
0
365
0
0
0
2
0
365251113
0
0
0
1
0
365359231
0
0
0
1
0
36679160
0
0
0
1
0
3688183
0
0
0
1
0
3688361
0
0
0
1
0
368898
0
0
0
1
0
3691576
0
0
0
1
0
369258147
0
0
0
1
0
369576547
0
0
0
1
0
3699288
0
0
0
1
0
369941297
0
0
0
1
0
37134694
0
0
0
1
0
371520828
0
0
0
1
0
3715321
0
0
0
1
0
3721
0
0
0
1
0
372166
0
0
0
1
0
3721868
0
0
0
1
0
372926
1
0
0
0
0
3731963
0
0
0
1
0
373353087
0
0
0
1
0
3735057
0
0
0
1
0
37581135
0
0
0
1
0
3800508
0
0
0
1
0
3811763
0
0
0
1
0
382282172
0
0
0
1
0
382399586
0
0
0
1
0
383
0
0
0
1
0
383401555
0
0
0
1
0
384244145
0
0
0
1
0
3846438
0
1
0
0
0
3846588
0
0
0
1
0
3853770
0
0
0
1
0
386280166
0
0
0
1
0
38654976
0
0
0
1
0
3869528
0
0
0
1
0
388
0
0
0
1
0
3881699
0
0
0
1
0
3886867
0
0
0
1
0
3893731
0
0
0
1
0
3911545
0
0
0
1
0
39131412
0
0
0
1
0
39269416
0
0
0
1
0
392841
0
0
0
1
0
395742128
0
0
0
1
0
3957460
0
0
0
1
0
39600
0
1
0
0
0
396006
0
0
0
1
0
3960063
0
0
0
1
0
39602306
0
0
0
1
0
3961239
0
0
0
1
0
3971960
0
0
0
1
0
398
0
0
0
1
0
3982152
0
0
0
1
0
39821808
0
0
0
1
0
4
0
0
0
9
0
4004
0
0
0
1
0
4011
0
0
0
1
0
402319795
0
0
0
1
0
40287331
0
0
0
1
0
402873318
0
0
0
1
0
4030505
0
1
0
0
0
40305055
0
0
0
1
0
403929184
0
0
0
1
0
40409710
0
0
0
1
0
404274
0
0
0
1
0
404580045
0
0
0
1
0
4053
0
0
0
1
0
4061990
0
0
0
1
0
4065028
0
0
0
1
0
406563
0
0
0
1
0
408427006
0
0
0
1
0
408654870
0
0
0
1
0
4088865
0
0
0
1
0
409993439
0
0
0
1
0
410322
0
0
0
1
0
41036589
0
0
0
1
0
4106309
0
0
0
1
0
41063096
0
0
0
1
0
410630962
0
0
0
1
0
4118529
0
0
0
1
0
4121008
0
0
0
1
0
4121333
0
0
0
1
0
4125
0
0
0
1
0
414
0
0
0
1
0
414583412
0
0
0
1
0
415142949
0
0
0
1
0
4154569
0
1
0
0
0
416042874
0
0
0
1
0
416123
0
0
0
1
0
4162427
0
0
0
1
0
417
0
0
0
1
0
41788
1
0
0
0
0
417929826
0
0
0
1
0
418
0
0
0
1
0
418521
0
0
0
1
0
419
0
0
0
1
0
419516
0
0
0
1
0
419760
0
0
0
1
0
419920626
0
0
0
1
0
420
0
0
0
1
0
420528
0
0
0
1
0
421200339
0
0
0
1
0
421518
0
0
0
1
0
4215622
0
0
0
1
0
4216665
0
0
0
1
0
422
0
0
0
1
0
4222068
0
0
0
1
0
4223289
0
0
0
1
0
4223301
0
0
0
1
0
4227031
0
0
0
1
0
423324456
0
0
0
1
0
4235585
0
0
0
1
0
423863500
0
0
0
1
0
4242760
0
0
0
1
0
424521
0
0
0
1
0
4250704
0
0
0
1
0
425131
0
0
0
1
0
42514521
0
0
0
1
0
425542
0
0
1
0
0
4255586
0
0
0
1
0
4257908
0
0
0
1
0
425945876
0
0
0
1
0
426888
0
0
0
1
0
426921
0
0
0
1
0
42824091
0
0
0
1
0
4285765
0
0
0
1
0
43
0
0
0
1
0
430
0
0
0
1
0
43033521
0
0
0
1
0
43122350
0
0
0
1
0
4314
0
0
0
1
0
4320
0
0
0
1
0
432500
0
0
0
1
0
4332432
0
0
0
1
0
435023
0
0
0
1
0
4351891
0
0
0
1
0
43628743
0
0
0
1
0
436453
0
0
0
1
0
4366456
0
0
0
1
0
4372926
1
0
0
0
0
438
0
0
0
1
0
43807795
0
0
0
1
0
438077952
0
0
0
1
0
44
0
0
0
2
0
441332
0
0
0
1
0
44190083
0
0
0
1
0
4420996
0
0
0
1
0
4424586
0
0
0
1
0
4425133
0
0
0
1
0
4428267
0
0
0
1
0
44303800
0
0
0
1
0
443578962
0
0
0
1
0
4436354
0
0
0
1
0
444
0
0
0
1
0
4450465
0
0
0
1
0
4453220766
0
0
0
1
0
445386594
0
0
0
1
0
4455528
0
0
0
1
0
447693640
0
0
0
1
0
4486465
0
0
0
1
0
45
1
0
0
0
0
4501231
0
0
0
1
0
450177982
0
0
0
1
0
4503230
0
0
0
1
0
4504187
0
0
0
1
0
451902903
0
0
0
1
0
4521190
0
0
0
1
0
452625
0
0
0
1
0
45268361
0
0
0
1
0
4529738
0
0
0
1
0
4534456
0
0
0
1
0
455753
1
0
0
0
0
456
0
0
0
3
0
4561532
0
0
0
1
0
4561879
0
0
0
1
0
456213
0
0
0
1
0
456654
0
0
0
1
0
456789
0
0
0
1
0
456852
0
0
0
4
0
4568529
0
0
0
1
0
4587
0
0
0
1
0
4589
0
0
0
1
0
46205
0
0
0
1
0
462052
0
0
0
1
0
4621323
0
0
0
1
0
4646
0
0
0
1
0
464646
1
0
0
0
0
465572022
0
0
0
1
0
4665102
0
0
0
1
0
46665134
0
0
0
1
0
46780992
0
0
0
1
0
4686531
0
0
0
1
0
47
0
0
0
1
0
47028980
0
0
0
1
0
47052047
0
0
0
1
0
471025672
0
0
0
1
0
4713
0
0
0
1
0
4725
0
0
0
1
0
47251256
0
0
0
1
0
47321368
0
0
0
1
0
47334070
0
0
0
1
0
474
0
0
0
1
0
47441454
0
0
0
1
0
475513
0
0
0
1
0
4755130
0
0
0
1
0
4762751
0
0
0
1
0
4765221
0
0
0
1
0
47764279
0
0
0
1
0
478
0
0
0
1
0
47881840
0
0
0
1
0
478933
0
0
0
1
0
4800804
0
0
0
1
0
48133109
0
0
0
1
0
4815635
0
0
0
1
0
482
0
1
0
0
0
4820
0
0
0
1
0
4824165
0
0
0
1
0
4829054
0
0
0
1
0
4831598
0
0
0
1
0
4842221
0
0
0
1
0
4858904
0
0
0
1
0
4862272
0
0
0
1
0
4862711
0
0
0
1
0
4865208
0
0
0
1
0
4895128
0
0
0
1
0
4910570
0
1
0
0
0
491129721
0
0
0
1
0
4913382
0
0
0
1
0
491646278
0
0
0
1
0
4952512
0
0
0
1
0
49562293
0
0
0
1
0
496399730
0
0
0
1
0
496703730
0
0
0
1
0
4992279
0
0
0
1
0
4993457
0
0
0
1
0
5
5
1
0
9
0
50
0
0
4
0
0
5018968
0
0
0
1
0
50233595
0
0
0
1
0
502335950
0
0
0
1
0
50241233
0
0
0
1
0
5035463
0
0
0
1
0
50432640
0
0
0
1
0
5049
0
0
0
1
0
507025186
0
0
0
1
0
50883489
0
0
0
1
0
5091327
0
0
0
1
0
50925161
0
0
0
1
0
51
0
0
1
2
0
510
1
0
0
1
0
51013144
0
0
0
1
0
510212305
0
0
0
1
0
5102248
0
0
0
1
0
51030
1
0
0
0
0
51075462
0
0
0
1
0
511
0
0
0
1
0
51132
0
0
0
1
0
511324
0
0
0
1
0
51160043
0
0
0
1
0
5116218
0
0
0
1
0
5117817
0
0
0
1
0
511785357
0
0
0
1
0
5121187
0
0
0
1
0
513137
0
0
0
1
0
51314520
0
0
1
0
0
513246123
0
0
0
1
0
5133
0
0
0
1
0
51362078
0
0
0
1
0
5138221985
0
0
0
1
0
514
1
0
0
0
0
515
0
0
0
3
0
515489136
0
0
0
1
0
5155100
0
0
0
1
0
516
0
0
0
1
0
516539979
0
0
0
1
0
51699786
0
0
0
1
0
517
0
0
0
1
0
518
0
0
0
2
0
51812873
0
0
0
1
0
51845
0
0
0
1
0
52
0
9
1
7
0
520
0
2
1
85
0
5200
0
0
0
1
0
5201
0
0
0
1
0
520123
0
0
0
1
0
5201314
0
2
0
29
0
52013141
0
0
0
1
0
520215
0
0
0
1
0
520240
0
0
0
1
0
5203344
0
0
0
1
0
520493
0
0
0
1
0
520520
0
0
0
1
0
5205205
0
0
0
1
0
52052052
0
0
0
1
0
520520520
0
0
0
1
0
5205920
0
0
0
1
0
52060
0
0
0
1
0
5206289
0
0
0
1
0
520833
0
0
0
1
0
52088
0
0
0
1
0
5208963
0
0
0
1
0
521
0
0
0
37
0
5210
0
1
0
2
0
5211
0
0
0
1
0
5211052
0
0
0
1
0
521125
0
0
0
1
0
5211314
0
0
0
6
0
5213
0
0
0
1
0
52130
0
0
0
1
0
521314
0
0
0
1
0
5213344
0
0
0
1
0
5214509
0
0
0
1
0
52145632
0
0
0
1
0
521521
0
0
0
1
0
521584
0
0
0
1
0
5216275
0
0
0
1
0
521633
0
0
0
1
0
5216520
0
0
0
1
0
521660
0
0
0
1
0
52167
0
0
0
1
0
521911
0
0
0
1
0
5219161
0
0
0
1
0
521991
0
0
0
1
0
522
0
0
1
2
0
5220
0
0
0
1
0
52200879
0
0
0
1
0
5221
0
0
0
1
0
522129372
0
0
0
1
0
5222057
0
0
0
1
0
5223197
0
0
0
1
0
5224462
0
0
0
1
0
5224848
0
0
0
1
0
5225022
0
0
0
1
0
5227
0
0
1
0
0
523
0
0
4
0
0
5231109
0
0
0
1
0
5232654
0
0
0
1
0
5234370
0
0
0
1
0
5236523
0
0
0
1
0
523785673
0
0
0
1
0
523971
0
0
0
1
0
52441629
0
0
0
1
0
5245150
0
0
0
1
0
52481128
0
0
0
1
0
525
0
0
0
3
0
5251314
0
0
0
1
0
525417
0
0
0
1
0
525481
0
0
0
1
0
525512
0
1
0
0
0
5255124
0
0
0
1
0
52570
0
0
0
1
0
525700
0
0
0
1
0
52574069
0
0
0
1
0
52575257
0
0
0
1
0
5262894
0
1
0
0
0
52669930
0
0
0
1
0
52742027
0
0
0
1
0
527612
0
1
0
0
0
5276125
0
0
0
1
0
5280640
0
0
0
1
0
528113
0
0
0
1
0
5281326
0
0
0
1
0
529
0
0
0
1
0
5299
0
0
0
2
0
53
0
0
0
2
0
530
0
0
0
1
0
5305490
0
0
0
1
0
5306696
0
0
0
1
0
5321277
0
0
0
1
0
532181
0
1
0
0
0
53232265
0
0
0
1
0
53251213
0
0
0
1
0
532585184
0
0
0
1
0
5328820
0
0
0
1
0
53377840
0
0
0
1
0
5352111
0
0
0
1
0
535581
0
0
0
1
0
535843427
0
0
0
1
0
5360395
0
0
0
1
0
5382376
0
0
0
1
0
5389627
0
0
0
1
0
54
0
0
0
1
0
540
0
0
0
1
0
541000
0
0
0
1
0
5414
0
0
0
1
0
54181452
0
0
0
1
0
54188007
0
0
0
1
0
541979268
0
0
0
1
0
542019
0
1
0
0
0
5422206
0
0
0
1
0
54267392
0
0
0
1
0
54291288
0
0
0
1
0
5431326
0
0
0
1
0
543510
0
0
0
1
0
5452143
0
0
0
1
0
5457581
0
0
0
1
0
54648864
0
0
0
1
0
546912
0
0
0
1
0
546917187
0
0
0
1
0
547747243
0
0
0
1
0
54923990
0
0
0
1
0
5497023
0
0
0
1
0
55
0
1
0
1
0
5501308
0
0
0
1
0
550326
0
0
0
1
0
550355343
0
0
0
1
0
550687688
0
0
0
1
0
55071365
0
0
0
1
0
55119900
0
0
0
1
0
55130
0
0
0
1
0
55168095
0
0
0
1
0
5517662
0
0
0
1
0
5520925
0
0
0
1
0
5522006
0
0
0
1
0
5522357
0
0
0
1
0
5524455
0
0
0
1
0
5524672
0
0
0
1
0
55255255
0
0
0
1
0
552912559
0
0
0
1
0
55339467
0
0
0
1
0
5535285
0
0
0
1
0
55360129
0
0
0
1
0
5542728
0
0
0
1
0
555
1
0
0
0
0
55523
0
0
0
1
0
5555555
0
0
0
1
0
555888
0
0
0
1
0
55616550
0
0
0
1
0
55621162
0
0
0
1
0
5562409
0
0
0
1
0
5566
0
0
0
2
0
55722566
0
0
0
1
0
5572451
0
0
0
1
0
557558
0
0
0
1
0
55780380
0
0
0
1
0
5582168
0
1
0
0
0
5585385
0
0
0
1
0
5592490
0
0
0
1
0
5596372
0
0
0
1
0
56
0
1
0
1
0
56012917
0
0
0
1
0
5605332
0
0
0
1
0
5607109
0
0
0
1
0
56072365
0
0
0
1
0
5609288
0
0
0
1
0
561
0
0
0
1
0
5610210
0
0
0
1
0
56115454
0
0
0
1
0
56119263
0
0
0
1
0
5613978
0
0
0
1
0
5616390
0
0
0
1
0
5619
0
0
0
1
0
5619665
0
0
0
1
0
5621916
0
0
0
1
0
56221544
0
0
0
1
0
562215443
0
0
0
1
0
5623629
0
0
0
1
0
5624356
0
0
0
1
0
5631183
0
0
0
1
0
563938978
0
0
0
1
0
5639506
0
0
0
1
0
56398750
0
0
0
1
0
564226620
0
0
0
1
0
564335
0
0
0
1
0
5645578
0
0
0
1
0
5648492
0
0
0
1
0
5651198
0
0
0
1
0
5656791341
1
0
0
0
0
565811
1
0
0
0
0
56659025
0
0
0
1
0
566952
0
1
0
0
0
56703211
0
0
0
1
0
56771746
0
0
0
1
0
5680125
0
0
0
1
0
5680950
0
0
0
1
0
5687595
0
0
0
1
0
5688486
0
0
0
1
0
569511427
0
0
0
1
0
57
0
0
0
1
0
57041520
0
0
0
1
0
5712775
0
0
0
1
0
5727833
0
0
0
1
0
573239931
0
0
0
1
0
57431102
0
0
0
1
0
5762971
0
0
0
1
0
57723125
0
0
0
1
0
57839541
0
0
0
1
0
5789208
0
0
0
1
0
5798151
0
0
0
1
0
58071608
0
0
0
1
0
5813201
0
0
0
1
0
5817
0
0
0
1
0
582012110
0
0
0
1
0
5821691
0
0
0
1
0
582216360
0
0
0
1
0
58283979
0
0
0
1
0
5835234
0
0
0
1
0
58413142
0
1
0
0
0
584131420
0
0
0
1
0
58420
0
0
0
1
0
584201314
0
0
0
1
0
584391624
0
0
0
1
0
5845121314
0
0
0
1
0
584520
0
0
0
2
0
5845201314
0
0
0
1
0
5847
0
1
0
0
0
58479
0
0
0
1
0
584796
0
0
0
1
0
5860676
0
0
0
1
0
58626
0
0
0
1
0
5863883
0
0
0
1
0
5865126
0
0
0
1
0
5865276
0
0
0
1
0
586543
0
0
0
1
0
5866952
0
0
0
1
0
586972438
0
0
0
1
0
5869863
0
0
0
1
0
5880240
0
0
0
1
0
58811694
0
0
0
1
0
5883506
0
0
0
1
0
58910489
0
0
0
1
0
5896623
0
0
0
1
0
59
1
0
0
0
0
590644
0
0
0
1
0
59071
0
0
0
1
0
590712
0
0
0
1
0
5920
0
0
0
1
0
5920411
0
0
0
1
0
59206437
0
0
0
1
0
5920895
0
0
0
1
0
5950218
0
0
0
1
0
5956893
0
0
0
1
0
59858168
0
0
0
1
0
599163297
0
0
0
1
0
5993104
0
1
0
0
0
6
5
0
0
5
0
60
0
0
0
1
0
6020660
0
1
0
0
0
60210421
0
0
0
1
0
603
0
0
0
1
0
603524
0
0
0
1
0
604461
0
0
0
1
0
604563054
0
0
0
1
0
604647589
0
0
0
1
0
6072290
0
0
0
1
0
6087228
0
0
0
1
0
6089365
0
0
0
1
0
610
0
0
0
1
0
6100669
0
0
0
1
0
61013632
0
0
0
1
0
610728
0
0
0
1
0
611
0
0
0
1
0
611107
0
0
0
1
0
6112696
0
0
1
0
0
6118160
0
0
0
1
0
6126879
0
0
0
1
0
6135651
0
0
0
1
0
615
0
0
0
1
0
61649
0
0
0
1
0
617
0
0
0
1
0
617023
0
0
0
1
0
617618
0
1
0
0
0
6181616
0
0
0
1
0
61883358
0
0
0
1
0
619000
0
0
0
1
0
619833
0
0
0
1
0
62023765
0
0
0
1
0
62052180
0
0
0
1
0
62078777
0
0
0
1
0
6209345
0
0
0
1
0
621109
0
1
0
0
0
6212506
0
0
0
1
0
62130239
0
0
0
1
0
6213221
0
0
0
1
0
62138845
0
0
0
1
0
62153367
0
0
0
1
0
6215752
0
0
0
1
0
622
0
0
0
1
0
6220120
0
0
0
1
0
6220194
0
0
0
1
0
6224796
0
0
0
1
0
6232630
0
0
0
1
0
623572
0
0
0
1
0
6251853
0
0
0
1
0
62567503
0
0
0
1
0
6257397
0
0
0
1
0
6257401
0
0
0
1
0
62645231
0
0
0
1
0
6269296
0
0
0
1
0
626933189
0
0
0
1
0
62822336
0
0
0
1
0
62850778
0
0
1
0
0
628818
0
0
0
1
0
630393
0
1
0
0
0
6303930
0
0
0
1
0
6311015
0
0
0
1
0
63232655
0
0
0
1
0
6332919
0
0
0
1
0
6333618
0
0
0
1
0
633784093
0
0
0
1
0
634582118
0
0
0
1
0
635
0
0
0
1
0
6352
0
1
0
0
0
63521
0
0
0
1
0
635211
0
0
0
1
0
63562340
0
0
0
1
0
63565065
0
0
0
1
0
637425
0
0
0
1
0
6383192
0
0
0
1
0
63843768
0
0
0
1
0
639
0
0
0
1
0
6397895
0
0
0
1
0
6402305
0
0
0
1
0
641042983
0
0
0
1
0
641131500
0
0
0
1
0
6411682
0
0
0
1
0
6413665
0
0
0
1
0
6413764
0
0
0
1
0
641663
0
0
0
1
0
64211756
0
0
0
1
0
64312707
0
0
0
1
0
64315142
0
0
0
1
0
64411620
0
0
0
1
0
6447540
0
0
0
1
0
644879312
0
0
0
1
0
6451150
0
0
0
1
0
6456102
0
0
0
1
0
6458
0
0
0
1
0
6462984
0
0
0
1
0
64631254
0
0
0
1
0
646370385
0
0
0
1
0
647625
0
0
0
1
0
64894149
0
0
0
1
0
6491463
0
0
0
1
0
6503123
0
0
0
1
0
65055360
0
1
0
0
0
6505601
0
0
0
1
0
6506689
0
0
0
1
0
6510111
0
0
0
1
0
651203
0
0
0
1
0
6515654
0
0
0
1
0
65172071
0
0
0
1
0
65202667
0
0
0
1
0
6522351
0
0
0
1
0
6528161
0
0
0
1
0
6530124
0
0
0
1
0
6530502
0
0
0
1
0
65425
0
0
0
1
0
654321
0
0
0
1
0
654321870
0
0
0
1
0
6543367
0
0
0
1
0
65435310
0
0
0
1
0
654789
0
0
0
1
0
65574868
0
0
0
1
0
6560913
0
1
0
0
0
65662355
0
0
0
1
0
656689
0
0
0
1
0
656791341
1
0
0
0
0
656869
0
0
0
1
0
6569048
0
0
0
1
0
65731025
0
0
0
1
0
65748194
0
0
0
1
0
65798894
0
0
0
1
0
66
0
0
0
3
0
660125
0
0
0
1
0
6606651
0
0
0
1
0
66079478
0
0
0
1
0
6614788
0
0
0
1
0
66180292
0
0
0
1
0
66205901
0
0
0
1
0
662059012
0
0
0
1
0
6620590123
0
0
0
1
0
6622112
0
0
0
1
0
662244
0
0
0
1
0
6625029
0
0
0
1
0
6631409
0
0
0
1
0
66366742
0
0
0
1
0
66390693
0
0
0
1
0
664560456
0
0
0
1
0
66516165
0
0
0
1
0
6652071
0
0
0
1
0
6653120
0
0
0
1
0
6653621
0
0
0
1
0
66552223
0
0
0
1
0
6655660
0
0
0
1
0
6658990
0
0
0
1
0
666
0
0
0
1
0
666166
0
0
0
1
0
666666
0
0
0
1
0
666888
0
0
0
1
0
668
0
0
0
1
0
6684053
0
0
0
1
0
6685400
0
0
0
1
0
6689856
0
0
0
1
0
6692873
0
0
0
1
0
67
0
1
0
0
0
6707124
0
0
0
1
0
6719617
0
0
0
1
0
672
0
0
0
1
0
672074201
0
0
0
1
0
67211534
0
0
0
1
0
6722
0
0
0
1
0
67254671
0
0
0
1
0
673577346
0
0
0
1
0
6743393
0
0
0
1
0
6749303
0
0
0
1
0
6753563
0
0
0
1
0
67591711
0
0
0
1
0
676061512
0
0
0
1
0
676890
0
0
0
1
0
67829722
0
0
0
1
0
678521
0
0
0
1
0
678523
0
0
0
1
0
6798239
0
0
0
1
0
68
0
0
0
2
0
6809239
0
0
0
1
0
68143282
0
0
0
1
0
6817099
0
0
0
1
0
6820440
0
0
0
1
0
68470
0
0
0
1
0
68520500
0
0
0
1
0
68533352
0
0
0
1
0
68542210
0
0
0
1
0
6855132
0
0
0
1
0
686198
0
0
0
1
0
68743652
0
0
0
1
0
6876139
0
0
0
1
0
68762546
0
0
0
1
0
68792288
0
0
0
1
0
6881271
0
0
0
1
0
6882361
0
0
0
1
0
6886888
0
0
0
1
0
68886958
0
0
0
1
0
6889235
0
0
0
1
0
68914382
0
0
0
1
0
690716
0
0
0
1
0
69208906
0
0
0
1
0
6928623
0
0
0
1
0
6932445
0
0
0
1
0
6955596
0
0
0
1
0
6966792
0
0
0
1
0
69679993
0
0
0
1
0
69720
0
0
0
1
0
69825128
0
0
0
1
0
6983408
0
0
0
1
0
6987222
0
0
0
1
0
699296
0
0
0
1
0
7
3
1
0
6
0
700236
0
0
0
1
0
7016156
0
0
0
1
0
7032758
0
0
0
1
0
7033018
0
0
0
1
0
704990390
0
0
0
1
0
7060524
0
0
0
1
0
70613009
0
0
0
1
0
70621379
0
0
0
1
0
706213799
0
0
0
1
0
7062137998
0
0
0
1
0
7070053
0
0
0
1
0
707156
0
0
0
1
0
7091661
0
0
0
1
0
70927
0
0
1
0
0
71013
1
0
0
0
0
7106
0
0
0
1
0
7108107
0
0
0
1
0
7110086
0
0
0
1
0
712
0
0
0
1
0
7129255
0
1
0
0
0
714199476
0
0
0
1
0
715
0
0
1
0
0
7150352
0
0
0
1
0
715210
0
0
0
1
0
7158525
0
0
0
1
0
716
0
0
0
1
0
71605036
0
0
0
1
0
7164278
0
0
0
1
0
716518
0
0
0
1
0
7165188
0
0
0
1
0
7184886
0
0
0
1
0
719
0
0
0
1
0
72
0
0
0
2
0
720232
0
0
1
0
0
721521
0
0
0
1
0
7219866
0
0
0
1
0
722
0
0
0
2
0
7221966
0
0
0
1
0
7223035
0
0
0
1
0
7224643
0
0
0
1
0
7225991
0
0
0
1
0
7232212
0
0
0
1
0
724
0
0
0
1
0
7249539
0
0
0
1
0
7256038
0
0
0
1
0
7264578
0
1
0
0
0
7266739
0
0
0
1
0
728088
0
0
0
1
0
7281971
0
0
0
1
0
728316
0
0
0
1
0
7284072
0
0
0
1
0
7289614
0
0
0
1
0
7297368
0
0
0
1
0
7298608
0
1
0
0
0
7310123
0
0
0
1
0
731110
0
0
0
1
0
7323621
0
0
0
1
0
73315174
0
0
0
1
0
7347788
0
1
0
0
0
7351360
0
0
0
1
0
7361765
0
0
0
1
0
736569659
0
0
0
1
0
74
0
0
0
2
0
740
0
0
0
1
0
741236985
0
0
0
1
0
7418685
0
0
0
1
0
742141189
0
0
0
1
0
743
0
0
0
1
0
7435456
0
0
0
1
0
744
0
0
0
1
0
74524216
0
0
0
1
0
748289
0
0
0
1
0
7483303
0
0
0
1
0
7483667
0
0
0
1
0
748748
0
0
0
1
0
7504370
0
0
0
1
0
750504
0
0
0
1
0
75055
0
0
0
1
0
751865272
0
0
0
1
0
752421
0
0
1
0
0
7533769
0
0
0
1
0
753951
0
0
0
2
0
75516
0
0
1
0
0
7552312
0
0
0
1
0
75589790
0
0
0
1
0
7575158
0
0
0
1
0
7575738
0
0
0
1
0
75835707
0
0
0
1
0
758611
0
1
0
0
0
7586111
0
0
0
1
0
7588303
0
0
0
1
0
75884
0
1
0
0
0
758844
0
0
0
1
0
7588441
0
0
0
1
0
75895937
0
0
0
1
0
76
0
1
0
0
0
760607
0
0
0
1
0
7614690
0
0
0
1
0
7623155
0
0
0
1
0
763092123
0
0
0
1
0
7631779
0
0
0
1
0
764875614
0
0
0
1
0
766
0
0
0
1
0
7663816
0
0
0
1
0
7666
0
0
0
1
0
7677
0
0
0
1
0
76876696
0
0
0
1
0
7691255
0
0
0
1
0
769282458
0
0
0
1
0
7697254
0
0
0
1
0
77
0
0
0
4
0
770901
0
0
0
1
0
771205
0
0
0
1
0
7714329
0
0
0
1
0
7714641
0
0
0
1
0
772
0
0
0
1
0
7727196
0
0
0
1
0
7729958
0
0
0
1
0
7735631
0
0
0
1
0
774
0
0
0
1
0
7745776
0
0
0
1
0
77478
0
0
0
1
0
7758258
0
0
0
1
0
7758520
0
0
0
2
0
7758521
0
0
0
4
0
7758991
0
0
0
1
0
7763869
0
0
0
1
0
7766268
0
0
0
1
0
777892
0
0
0
1
0
7783591
0
0
0
1
0
7787
0
0
0
1
0
77882510
0
0
0
1
0
7788424
0
0
0
1
0
7798068
0
0
0
1
0
77980680
0
0
0
1
0
7802905
0
0
0
1
0
78048192
0
0
0
1
0
7807318
0
0
0
1
0
780916
0
0
0
1
0
7811242
0
0
0
1
0
781206
0
0
0
1
0
781211
0
0
0
1
0
7813371
0
0
0
1
0
781645610
0
0
0
1
0
7828406
0
0
0
1
0
78328203
0
0
0
1
0
78426431
0
0
0
1
0
78432600
0
1
0
0
0
78457137
0
0
0
1
0
7851602
0
0
0
1
0
78518623
0
0
0
1
0
785215
0
0
0
1
0
785409866
0
0
0
1
0
7858103
0
0
0
1
0
78621915
0
0
0
1
0
786635120
0
0
0
1
0
786865266
0
0
0
1
0
78715271
0
0
0
1
0
7878759
0
0
0
1
0
7884511
0
0
0
1
0
789
0
1
0
0
0
789321
0
0
0
1
0
7896745
0
0
0
1
0
78971122
0
0
0
1
0
789789
0
0
0
1
0
78989
0
1
0
0
0
790106
0
0
0
1
0
79014159
0
0
0
1
0
790512
0
0
0
1
0
790888
0
0
0
1
0
791013
0
0
0
1
0
7919
0
0
1
0
0
79492118
0
0
0
1
0
7962381
0
0
0
1
0
79831930
0
0
0
1
0
79852511
0
0
0
1
0
7987799
0
0
0
1
0
8
6
3
0
3
0
80
1
0
0
0
0
800307
1
0
0
0
0
800413
0
0
0
1
0
800511
1
0
0
0
0
800713
0
0
0
1
0
800824
0
0
0
1
0
8009
0
0
0
1
0
8010010
0
0
0
1
0
80100100
0
0
0
1
0
801001001
0
0
0
1
0
801012
0
0
0
1
0
801110
1
0
0
0
0
801128
0
0
0
1
0
80127
1
0
0
0
0
8013
0
1
0
0
0
8023
0
0
0
1
0
803126
0
0
0
1
0
80321358
0
0
0
1
0
8036
0
0
0
1
0
80407
0
0
1
0
0
80475406
0
0
0
1
0
806
0
0
0
1
0
8060041
0
0
0
1
0
80725121
0
0
0
1
0
80728
0
0
1
0
0
80811
0
0
1
0
0
808111
0
0
0
1
0
8091166
0
0
0
1
0
809198754
0
0
0
1
0
81
0
2
1
0
0
810
0
0
0
1
0
810117
0
1
0
0
0
810125
0
0
0
1
0
8101298
0
0
0
1
0
810223
0
0
0
1
0
81077514
0
0
0
1
0
811
0
1
0
0
0
8111
0
0
0
1
0
811120
0
0
0
1
0
8111886
0
0
0
1
0
811205
0
0
0
1
0
81132920
0
0
0
1
0
8116
0
0
1
0
0
812
0
0
0
1
0
81216
1
0
0
0
0
8121666
0
0
0
1
0
813
0
0
0
1
0
8134
0
0
0
1
0
814
0
0
1
0
0
8144082
0
0
0
1
0
81455
0
1
0
0
0
814559
0
0
0
1
0
8145590
0
0
0
1
0
8150320
0
0
0
1
0
8156
1
0
0
0
0
8162458
0
0
0
1
0
816866
0
0
0
1
0
817613
0
0
0
1
0
818211
0
0
0
1
0
8182569
0
0
0
1
0
81895967
0
0
0
1
0
8190715
1
0
0
0
0
82
0
0
0
5
0
820213
0
0
0
1
0
8202801
0
0
0
1
0
820303
0
0
0
1
0
8206128
0
0
0
1
0
820617
0
0
0
1
0
820628
0
0
0
1
0
8206960
0
0
0
1
0
82100
0
0
0
1
0
821008
0
0
0
1
0
8210889
0
0
0
1
0
821113
0
0
0
1
0
8212235
0
0
0
1
0
8216586
0
0
0
1
0
8217069
0
0
0
1
0
8225082
0
0
0
1
0
822831
0
0
0
1
0
8229038
0
0
0
1
0
8230021
0
0
0
1
0
82310180
0
0
0
1
0
823170
0
0
0
1
0
82328012
0
0
0
1
0
8235564
0
0
0
1
0
8236158
0
0
0
1
0
823625233
0
0
0
1
0
8236965
0
0
0
1
0
82465
0
0
0
1
0
8249620
0
1
0
0
0
825
0
0
0
1
0
8251339
0
0
0
1
0
8251550
0
0
0
1
0
8256172
0
0
0
1
0
8261312
0
0
0
1
0
82633451
0
0
0
1
0
8266928
0
0
0
1
0
826761
0
1
0
0
0
8267612
0
0
0
1
0
82773036
0
0
0
1
0
828968
0
0
0
1
0
829100
0
0
0
1
0
829402
0
0
0
1
0
82953126
0
0
0
1
0
8298013523
0
0
0
1
0
83
0
0
1
1
0
8302172
0
0
0
1
0
830225
0
0
0
1
0
830516
0
0
0
1
0
830720
0
0
0
1
0
831004
0
0
0
1
0
831006
0
0
0
1
0
831207
0
0
0
1
0
831246
0
0
0
1
0
8315522
0
0
0
1
0
832
0
0
0
1
0
8322010
0
0
0
1
0
8322518
0
0
0
1
0
8335351
0
0
0
1
0
8338878
0
0
0
1
0
83504823
0
0
0
1
0
8350515
0
0
0
1
0
8356400
0
0
0
1
0
836096
0
0
0
1
0
836182
0
0
0
1
0
8363008
0
0
0
1
0
83721518
0
0
0
1
0
837311
0
0
0
1
0
83915696
0
0
0
1
0
83925
0
0
0
1
0
84
0
0
0
3
0
840122
0
0
0
1
0
840131
0
0
0
1
0
840221
0
0
0
1
0
840508
0
0
0
1
0
84066095
0
0
0
1
0
840926
0
0
0
1
0
841023
0
0
0
1
0
841025
0
0
0
1
0
841829
0
0
0
1
0
8422578
0
0
0
1
0
84263525
0
0
0
1
0
842757000
0
0
0
1
0
8438289
0
0
0
1
0
8454175
0
0
0
1
0
84602255
0
0
0
1
0
84642411
0
0
0
1
0
8464646
0
0
1
0
0
84648464
0
0
0
2
0
8465135456
0
1
0
0
0
84666677
0
0
0
1
0
8468009
0
0
0
1
0
84681354
0
0
0
1
0
84718011
0
0
0
1
0
84916279
0
0
0
1
0
8499465
0
0
0
1
0
84998462
0
0
0
1
0
85
1
0
0
2
0
850101
0
0
0
1
0
8501067
0
0
0
1
0
850315
0
0
0
1
0
850331
0
0
0
1
0
850420
0
0
0
1
0
850705
1
0
0
0
0
851
0
0
0
1
0
85100
0
0
0
1
0
851007
0
0
0
1
0
85101
0
0
0
1
0
851014
0
0
0
1
0
851017
0
0
0
1
0
851113
0
0
0
1
0
851121
0
0
0
1
0
851125
0
0
0
1
0
8512424
0
0
0
1
0
85152838
0
0
0
1
0
8515742
0
0
1
0
0
8520
0
0
0
1
0
8521604
0
0
1
0
0
852310
0
0
0
1
0
8523336
0
0
0
1
0
85256233
0
0
1
0
0
853208
0
0
0
1
0
8537
0
0
0
1
0
8545220
0
0
0
1
0
8552134
0
0
0
1
0
85532021
0
0
0
1
0
85572395
0
0
0
1
0
8562359
0
1
0
0
0
85623590
0
0
0
1
0
85637563
0
0
0
1
0
85646157
0
0
0
1
0
85671137
0
0
0
1
0
85688073
0
0
0
1
0
8570045
0
0
0
1
0
8572069
0
0
0
1
0
85774615
0
0
0
1
0
8578052
0
0
0
1
0
85803639
0
0
0
1
0
8594004
0
0
0
1
0
86
0
0
0
4
0
860
0
0
0
2
0
860104
1
0
0
0
0
860124
0
0
0
1
0
860322
1
0
0
0
0
8603554
0
0
0
1
0
86070859
0
0
0
1
0
86081
0
1
0
0
0
860818
0
0
0
1
0
860912
0
0
0
1
0
861013
0
0
0
1
0
861024
0
0
0
1
0
8622698
0
0
0
1
0
8624763
0
0
0
1
0
86251222
0
0
0
1
0
86269152
0
0
1
0
0
86324236
0
0
0
1
0
86447687
0
0
0
1
0
864888272
0
0
0
1
0
8650841
0
0
0
1
0
8653123
0
0
0
1
0
8657289
0
0
0
1
0
86587880
0
0
0
1
0
86591184
0
0
0
1
0
8662838
0
0
0
1
0
86661528
0
0
0
1
0
867125523
0
0
0
1
0
86785576
0
0
0
1
0
86818726
0
0
0
1
0
86881039
0
0
0
1
0
868991
0
0
0
1
0
8690932
0
0
0
1
0
869218
0
0
0
1
0
86938853
0
0
0
1
0
86972460
0
0
0
1
0
869724600
0
0
0
1
0
8697246000
0
0
0
1
0
86986156
0
0
0
1
0
87
1
1
0
2
0
870115
0
0
0
1
0
870306
0
0
0
1
0
870512
0
0
0
1
0
870605
0
0
0
1
0
870623
1
0
0
0
0
87082
0
1
0
0
0
870825
0
0
0
1
0
871016
1
0
0
0
0
87103576
0
0
0
1
0
871117
0
0
0
1
0
871208
0
0
0
1
0
8712215
0
0
0
1
0
87122152
0
0
0
1
0
871221521
0
0
0
1
0
8713410
0
0
0
1
0
8713450
0
0
0
1
0
8726686
0
0
0
1
0
87319673
0
0
0
1
0
8733396
0
0
0
1
0
8751
0
0
0
1
0
8756452
0
0
0
1
0
875666
0
0
0
1
0
87622
0
0
0
1
0
8769425
0
0
0
1
0
87756665
0
0
0
1
0
8781200
0
0
0
1
0
87851440
0
0
0
1
0
87874539
0
0
0
1
0
87911364
0
0
0
1
0
8792179
0
0
0
1
0
879546213
0
0
0
1
0
8798
0
0
0
1
0
88
1
0
0
14
0
880203
0
0
0
1
0
880207
0
0
0
1
0
88028180
0
0
0
1
0
880409
0
0
0
1
0
880411
0
0
0
1
0
880422
0
0
0
1
0
880428
0
0
0
1
0
880515
0
0
0
1
0
880521
0
0
0
1
0
88069782
0
0
0
1
0
8807
0
0
0
1
0
880814
0
0
0
1
0
880828
0
0
0
1
0
880907
0
0
0
1
0
880917
0
0
0
1
0
881012
0
0
0
1
0
881023
0
0
0
1
0
88103
0
0
0
1
0
881046
0
0
0
1
0
881106
1
0
0
0
0
881120
0
0
0
1
0
881127
0
0
0
1
0
88121
0
0
0
1
0
881213
0
0
0
1
0
881218
0
0
0
1
0
881226
0
0
0
1
0
881230
0
0
0
1
0
8814525
0
0
0
1
0
88158124
0
0
0
1
0
8816881
0
0
0
1
0
881771
0
0
0
1
0
8821
0
1
0
0
0
8821014
0
0
0
1
0
88211411
0
0
0
1
0
8822586
0
0
0
1
0
882445
0
0
0
1
0
8824673
0
0
0
1
0
8828885
0
0
0
1
0
8831720
0
0
0
1
0
88320123
0
0
0
1
0
884190521
0
0
0
1
0
8844
1
0
0
0
0
8852620
0
0
0
1
0
88539650
0
0
0
1
0
8854
0
0
0
1
0
8858
0
0
0
1
0
886
0
2
0
1
0
8861
0
0
0
1
0
88611
0
0
0
1
0
8862
0
0
0
1
0
88623512
0
0
0
1
0
88626381
0
0
0
1
0
886520
0
0
0
1
0
8865235
0
0
0
1
0
8866227
0
0
0
1
0
8866738
0
0
0
1
0
8866999
0
0
0
1
0
88670166
0
0
0
1
0
88704117
0
0
0
1
0
88719138
0
0
0
1
0
88778877
0
0
0
1
0
8878968
0
0
0
1
0
888
0
1
0
7
0
8880183
0
0
0
1
0
88811260
0
0
0
1
0
8882851
0
0
0
1
0
88838518
0
0
0
1
0
88856499
0
0
0
1
0
8887167
0
0
0
1
0
8888
0
0
0
2
0
88885496
0
0
0
1
0
88888888
0
0
0
1
0
888999
0
0
0
1
0
88914033
0
0
0
1
0
8891966
0
0
0
1
0
8892200
0
0
0
1
0
88952019
0
0
0
1
0
890114
0
0
0
1
0
890210
1
0
0
1
0
890315
0
0
0
1
0
890317
1
0
0
0
0
8903281
0
0
0
1
0
8904135
0
0
0
1
0
8905253
0
0
0
1
0
890626
0
0
0
1
0
8909137
0
0
0
1
0
890928
0
0
0
1
0
891003
0
0
0
1
0
89102315
0
0
0
1
0
8910665
0
0
0
1
0
891208
0
0
0
1
0
8928801
0
0
0
1
0
89355269
0
0
0
1
0
89398908
0
0
0
1
0
89412163
0
0
0
1
0
89485809
0
0
0
1
0
8954800
0
0
0
1
0
89572326
0
0
0
1
0
8960241
0
0
0
1
0
89687908
0
0
0
1
0
8971000
0
0
0
1
0
8973996
0
0
0
1
0
89757
0
0
0
1
0
8980812
0
0
0
1
0
89922
0
0
0
1
0
9
5
1
0
2
0
90
0
0
0
3
0
900124
0
0
0
1
0
900302
0
0
0
1
0
900320
0
0
0
1
0
900425
0
0
0
1
0
900526
0
0
0
1
0
900803
0
0
0
1
0
901015
0
0
0
1
0
901127
0
0
0
1
0
90423
0
0
0
1
0
904253507
0
0
0
1
0
905402
0
0
0
1
0
906718
0
1
0
0
0
907620
0
0
0
1
0
908023
0
0
0
1
0
9098621
0
0
0
1
0
91
0
0
1
0
0
910108
0
0
0
1
0
910126
0
0
0
1
0
910202
0
0
0
1
0
91030
0
0
0
1
0
910309
0
0
0
1
0
910606
0
0
0
1
0
910610
0
0
0
2
0
911
0
0
0
1
0
911010
0
0
0
1
0
912
0
0
0
2
0
912086287
0
0
0
1
0
91531786
0
0
0
1
0
915412
0
0
0
1
0
9156133
0
0
0
1
0
91571
0
0
0
1
0
9157326
0
1
0
0
0
916
0
0
0
1
0
9196501
0
0
0
1
0
92
0
0
0
1
0
921119
0
0
0
1
0
924
0
1
0
0
0
9246188
0
0
0
1
0
926176
0
0
0
1
0
9269
0
0
0
1
0
929
0
0
0
2
0
929019
0
0
0
1
0
93
0
0
0
1
0
930219
0
0
0
1
0
930711
0
0
0
1
0
931016
0
0
0
1
0
931199
0
0
0
1
0
931224
0
0
0
1
0
9367
0
0
0
1
0
939393
0
0
0
1
0
94
0
1
0
1
0
945
0
0
0
1
0
948
0
0
1
0
0
9487032
0
0
0
1
0
95
0
0
0
1
0
951236
0
1
0
0
0
95442414
0
0
0
1
0
955
0
0
0
1
0
95561196
0
0
0
1
0
95585809
0
0
0
1
0
95813
0
0
0
1
0
96
0
0
0
1
0
960602
0
0
0
1
0
961017
0
0
0
1
0
96104216
0
0
0
1
0
96457723
0
0
0
1
0
965169
0
0
0
1
0
96521
0
0
0
1
0
970107
0
0
0
1
0
9727
0
0
0
1
0
9787107
0
1
0
0
0
97871072
0
0
0
1
0
978710723
0
0
0
1
0
9787107233
0
0
0
1
0
978841289
0
0
0
1
0
98
0
1
0
0
0
9800307
1
0
0
0
0
9801110
1
0
0
0
0
98050986
0
0
0
1
0
9806870
0
1
0
0
0
98068707
0
0
0
1
0
981105
0
0
0
1
0
981216
0
0
0
1
0
98156
1
0
0
0
0
98217226
0
0
0
1
0
982900
0
0
0
1
0
9829529
0
0
0
1
0
98464578
0
0
0
1
0
985
1
0
0
1
0
9850705
1
0
0
0
0
9860104
1
0
0
0
0
9860322
1
0
0
0
0
987
1
0
0
0
0
9870623
1
0
0
0
0
9871016
1
0
0
0
0
987654321
0
0
0
1
0
9876543210
0
0
0
1
0
988
1
0
0
0
0
9881106
1
0
0
0
0
98844
1
0
0
0
0
9890210
1
0
0
0
0
9890317
1
0
0
0
0
99
0
0
0
2
0
991
0
0
0
1
0
9910312
1
0
0
0
0
99120
0
0
0
1
0
99183533
0
0
0
1
0
9924
0
0
0
1
0
9927
0
0
0
1
0
9930604
1
0
0
0
0
9958
0
0
0
1
0
9976605
0
0
0
1
0
998
0
0
0
1
0
99808001
0
0
0
1
0
999
0
0
0
2
0
9991227
1
0
0
0
0
99928204
0
0
0
1
0
999666222
0
0
0
1
0
9999
0
1
0
1
0
999999999
0
0
0
1
0
A
3
0
0
1
0
Aa
0
0
0
1
0
B
1
0
0
0
0
C
2
0
0
1
0
Ch
0
0
0
1
0
Chuai
0
0
0
1
0
D
1
0
0
1
0
DK
0
0
0
1
0
E
4
0
0
0
0
F
2
0
0
1
0
G
3
0
0
0
0
H
1
0
0
0
0
HMo
0
0
0
1
0
I
1
0
0
0
0
J
4
0
0
0
0
L
2
0
0
1
0
LOVE
0
0
0
1
0
Ljun
0
0
1
0
0
Meixuan
0
0
1
0
0
O
0
0
0
1
0
OO
0
1
0
0
0
Q
10
0
0
1
0
Qwashroom
0
0
1
0
0
S
2
0
0
0
0
T
1
0
0
1
0
TGB
0
0
0
1
0
TJ
0
0
0
1
0
U
3
0
0
0
0
W
1
0
0
0
0
X
4
0
0
0
0
Y
7
0
0
0
0
Yz
0
1
0
0
0
YzL
0
0
0
1
0
Yzl
0
0
1
0
0
Z
2
0
0
1
0
ZS
0
0
0
1
0
Zhangkai
0
0
1
0
0
a
13
29
0
119
0
aa
0
2
0
26
0
aaa
0
0
0
6
0
aaaa
0
0
0
1
0
ab
0
0
0
4
0
abc
0
0
0
9
0
abcd
0
0
0
1
0
abcde
0
0
0
1
0
abcdlin
0
0
0
1
0
abd
0
0
0
1
0
ad
0
0
0
2
0
ads
0
0
0
1
0
ahua
0
0
1
0
0
ai
1
1
0
6
0
aii
0
0
0
1
0
aiwei
0
0
0
1
0
aizhuany
0
0
0
1
0
aizhuanyi
0
0
0
1
0
aj
0
0
0
1
0
ajm
0
0
0
1
0
al
0
0
0
1
0
amzhourui
0
0
0
1
0
an
3
0
0
0
0
ang
4
0
0
0
0
angfan
1
0
0
0
0
angfeng
1
0
0
0
0
anshan
0
0
0
1
0
ao
2
0
0
0
0
aq
0
0
0
1
0
ar
0
0
0
1
0
arm
0
0
0
1
0
as
0
0
1
21
0
asd
0
3
0
13
0
asdf
0
0
0
2
0
asdzxc
0
0
0
1
0
asp
0
0
0
1
0
asyangze
0
1
0
0
0
asz
0
0
0
1
0
ax
0
0
0
1
0
ay
1
0
1
0
0
ayagege
0
0
0
1
0
ayu
0
0
0
1
0
ayy
1
0
0
0
0
az
1
0
0
1
0
b
3
1
0
12
0
ban
0
0
0
1
0
bao
0
0
0
1
0
bb
0
0
0
3
0
bbcc
0
0
0
1
0
bc
1
0
0
0
0
ben
0
0
0
1
0
beyondc
0
0
0
1
0
beyondcx
0
0
0
1
0
bing
0
0
0
1
0
bo
0
0
0
4
0
bob
0
0
0
1
0
boy
0
0
0
1
0
bt
0
0
0
1
0
bx
0
0
0
1
0
c
5
5
0
15
0
ca
0
1
0
2
0
cai
0
0
0
4
0
cao
0
0
0
1
0
caonimabi
0
0
0
1
0
caozhi
0
0
0
1
0
cbw
0
1
0
0
0
cc
0
0
0
6
0
ccsl
0
0
0
1
0
cf
0
0
0
1
0
cg
0
0
0
1
0
ch
0
0
0
1
0
cha
0
0
0
1
0
changd
0
0
0
1
0
changdu
0
0
0
1
0
changdun
0
0
0
1
0
chen
0
1
0
0
0
cheng
0
0
0
2
0
chenhaib
0
0
0
1
0
chenhaibi
0
0
0
1
0
chenhaibin
0
0
0
1
0
chenxinaik
0
1
0
0
0
chm
0
0
0
1
0
chuang
1
0
0
0
0
chy
0
0
0
1
0
ck
0
0
0
1
0
cl
0
0
0
1
0
clonge
0
0
0
1
0
clonget
0
0
0
1
0
cm
0
0
0
2
0
cmt
0
0
0
1
0
cn
0
0
0
1
0
cnf
0
0
0
1
0
coc
0
0
0
1
0
com
0
0
0
1
0
con
0
0
0
1
0
connie
0
0
0
1
0
cow
0
0
0
1
0
cq
0
0
0
2
0
crystal
0
0
0
1
0
cs
0
0
0
1
0
csp
0
0
0
1
0
css
0
0
0
1
0
cw
0
0
0
2
0
cww
0
0
1
0
0
cx
0
0
0
2
0
cxy
0
0
0
1
0
cy
0
0
0
1
0
cyh
0
0
0
1
0
cz
0
1
0
2
0
czy
0
0
0
1
0
czz
0
0
0
1
0
d
7
0
0
13
0
dae
0
0
0
1
0
daec
0
0
0
1
0
dai
0
0
0
1
0
dan
0
0
0
1
0
daniels
0
0
0
1
0
danielsu
0
0
0
1
0
danshuangz
0
0
0
1
0
daohaode
0
0
0
1
0
daohaosim
0
0
0
1
0
daohaosima
0
0
0
1
0
dc
0
0
0
1
0
dd
0
0
0
1
0
de
0
0
0
2
0
def
0
0
0
1
0
df
0
0
0
1
0
dh
0
1
0
2
0
dhqh
0
0
1
0
0
diaonima
0
0
0
1
0
dingding
0
0
1
0
0
dingjian
0
0
0
1
0
dj
0
0
0
1
0
dl
0
1
0
0
0
dlu
0
0
1
0
0
dm
0
0
0
1
0
dng
0
0
2
0
0
dq
0
0
0
2
0
dqs
0
0
0
1
0
ds
0
0
0
1
0
dsa
0
0
0
1
0
du
0
0
0
1
0
duobao
0
0
0
1
0
dw
0
0
0
1
0
dy
1
0
0
0
0
dyy
0
0
0
1
0
dz
0
0
0
1
0
e
1
0
0
7
0
eb
0
0
0
1
0
eixuan
1
0
0
0
0
elw
0
0
0
1
0
en
2
0
0
0
0
energy
0
0
0
1
0
eng
1
0
0
0
0
et
0
0
0
1
0
f
6
3
0
12
0
fang
0
0
0
1
0
fankw
0
0
0
1
0
fankwu
0
0
0
1
0
fay
0
0
0
1
0
fcl
0
0
0
1
0
fcx
0
0
0
1
0
fd
0
0
0
1
0
fei
0
0
0
1
0
feifei
0
1
0
0
0
feng
0
0
0
2
0
ff
0
0
0
5
0
fg
0
0
0
1
0
fk
0
0
0
1
0
fl
2
0
0
1
0
flp
0
0
0
1
0
fly
0
0
0
1
0
fngfan
0
0
1
0
0
forever
1
0
0
0
0
fp
0
0
0
1
0
friend
0
1
0
0
0
fv
0
0
0
2
0
fy
0
0
0
1
0
fyt
0
0
0
1
0
g
2
1
0
7
0
ga
0
0
0
1
0
gao
0
0
0
1
0
gaoyugang
0
0
0
1
0
gba
0
0
0
1
0
gf
0
0
0
1
0
gfo
0
0
0
1
0
gg
0
1
0
2
0
gj
0
0
0
1
0
gjq
0
0
0
1
0
gm
0
0
0
3
0
gmz
0
0
0
1
0
gong
0
0
0
1
0
gqy
0
1
0
0
0
gs
0
0
1
1
0
gst
0
0
0
1
0
gsw
0
0
0
1
0
gx
0
0
0
1
0
gxg
0
0
0
1
0
gy
0
0
0
1
0
gyy
0
0
1
0
0
h
6
8
0
13
0
ha
0
0
0
2
0
hai
0
0
0
1
0
haib
0
0
0
1
0
haibo
0
0
0
1
0
han
0
0
0
1
0
hangkai
1
0
0
0
0
hao
0
0
0
2
0
haoninw
0
0
0
1
0
haoninwa
0
0
0
1
0
haoninwan
0
0
0
1
0
he
0
0
0
2
0
hero
0
0
0
1
0
hforever
1
0
0
0
0
hh
0
0
0
1
0
hj
0
0
0
1
0
hk
0
0
0
1
0
hl
0
1
0
0
0
hlf
0
0
0
1
0
hlg
0
0
0
1
0
hlz
0
0
1
0
0
hm
1
0
0
0
0
hou
0
0
0
1
0
hrc
0
0
0
1
0
htt
0
0
0
1
0
hu
0
0
0
4
0
hua
0
0
0
1
0
huang
0
1
0
0
0
huangd
0
0
0
1
0
huangdc
0
0
0
1
0
huangfeii
0
0
0
1
0
huangfeiiw
0
0
0
1
0
huawei
0
0
0
1
0
hubn
0
0
0
1
0
huyichuan
0
0
0
1
0
hx
0
0
0
3
0
hy
0
0
0
2
0
hz
0
0
0
1
0
i
10
1
0
2
0
ian
1
0
0
0
0
iaoxin
1
0
0
0
0
ijun
1
0
0
0
0
il
0
0
0
1
0
ilh
0
0
0
1
0
ilove
0
1
0
0
0
iloveg
0
0
0
1
0
ilovegx
0
0
0
1
0
ilovegxf
0
0
0
1
0
in
1
0
0
0
0
ing
1
0
0
0
0
ingding
1
0
0
0
0
issnian
1
0
0
0
0
ixue
1
0
0
0
0
j
16
0
0
11
0
ja
0
0
2
0
0
jay
0
0
1
2
0
jb
0
0
0
1
0
jc
0
0
0
1
0
jh
2
0
0
0
0
jhg
0
0
0
2
0
jhl
0
0
0
1
0
jhp
0
0
0
1
0
jia
0
0
0
3
0
jiajia
0
0
0
1
0
jiang
0
1
0
0
0
jie
0
0
0
1
0
jilts
0
0
0
1
0
jiltsj
0
0
0
1
0
jin
0
0
0
1
0
jing
0
0
0
1
0
jinle
0
1
0
0
0
jinlei
0
0
0
1
0
jj
0
0
0
2
0
jk
0
1
0
2
0
jm
0
0
0
1
0
jmmlwj
0
0
0
1
0
jmy
0
0
0
1
0
js
0
0
0
2
0
jtk
0
0
0
1
0
ju
0
0
1
0
0
jun
1
0
0
2
0
junj
0
1
0
0
0
jx
0
0
0
2
0
jy
0
0
1
4
0
jyg
0
0
0
1
0
jyl
0
0
0
1
0
jzabing
0
0
0
1
0
k
11
1
0
6
0
kai
0
0
0
2
0
ke
0
0
0
1
0
king
0
0
0
1
0
kk
0
0
0
3
0
kkl
0
0
0
1
0
klx
0
0
0
1
0
ku
0
0
0
1
0
kun
0
0
0
1
0
l
7
14
0
31
0
lY
0
0
0
1
0
lb
0
0
0
2
0
lcy
0
0
0
1
0
ldf
0
0
0
1
0
lei
0
1
0
2
0
leo
0
0
0
1
0
leon
0
0
0
1
0
lf
0
0
0
1
0
lhc
0
0
0
1
0
li
0
1
0
10
0
lian
0
0
1
0
0
liang
0
0
0
2
0
liaoxin
0
0
1
0
0
lige
0
0
0
1
0
lihuan
0
0
0
1
0
lij
0
0
0
1
0
lin
0
0
0
1
0
lina
0
0
0
1
0
linx
0
0
0
1
0
linxz
0
0
0
1
0
lioveyou
0
0
0
1
0
liu
0
0
0
7
0
liukai
0
0
0
1
0
liumang
0
0
0
1
0
liuyi
0
0
0
1
0
liweiai
0
1
0
0
0
lj
0
0
0
4
0
lje
0
0
0
1
0
ljh
0
0
0
1
0
ljj
0
0
0
1
0
ljjl
0
0
0
1
0
ljl
0
0
0
1
0
ljssy
0
0
0
1
0
ljx
0
0
0
1
0
ljz
0
0
0
1
0
lk
0
0
0
2
0
ll
0
0
0
2
0
lly
0
0
0
1
0
lm
0
0
1
1
0
lmz
0
0
0
1
0
ln
0
0
1
0
0
lo
0
1
0
0
0
lon
0
0
0
1
0
long
0
0
0
3
0
los
0
0
0
1
0
lost
0
0
0
1
0
lou
0
0
0
1
0
love
0
0
0
3
0
lp
0
0
0
1
0
lqq
0
0
0
1
0
lrh
0
0
0
1
0
lsz
0
0
0
1
0
lt
0
0
0
3
0
lte
0
0
0
1
0
lu
0
0
1
1
0
lulu
0
0
0
1
0
luo
0
0
0
1
0
lv
0
0
0
1
0
lw
0
0
1
4
0
lwf
0
0
0
1
0
lwj
0
0
0
1
0
lwp
0
0
0
1
0
lwyc
0
0
0
1
0
lx
0
1
0
4
0
lxd
0
0
0
1
0
lxh
0
0
0
1
0
lxw
0
0
0
1
0
lxwlxwl
0
0
0
1
0
lxwlxwlx
0
0
0
1
0
lxwlxwlxw
0
0
0
1
0
lxx
0
0
1
0
0
lxy
0
0
0
1
0
ly
0
0
1
6
0
lz
0
0
0
5
0
lzt
0
0
0
1
0
lzy
0
0
0
1
0
m
4
4
0
12
0
ma
0
0
0
4
0
mahui
0
0
0
1
0
mc
0
0
0
3
0
mcj
0
0
0
1
0
mei
0
0
0
1
0
mengmeng
0
0
0
1
0
mhhf
0
0
0
1
0
mi
0
0
0
1
0
mingvvvv
0
1
0
0
0
mj
1
0
0
1
0
mld
0
0
0
1
0
mm
0
0
0
7
0
mmm
0
0
0
1
0
momo
0
0
0
1
0
moon
0
0
0
1
0
ms
1
0
0
1
0
mt
0
1
0
0
0
mu
0
0
0
1
0
myhappines
0
0
0
1
0
myhappiness
0
0
0
1
0
mz
0
0
0
1
0
mzz
0
0
0
1
0
n
4
0
0
6
0
na
0
0
1
0
0
ng
3
0
0
0
0
ngfan
1
0
0
0
0
ni
0
0
0
1
0
nissnian
0
0
1
0
0
nm
0
0
0
1
0
nn
0
0
0
1
0
o
9
0
0
3
0
ok
0
0
0
1
0
oo
0
0
0
2
0
op
0
0
0
1
0
ot
0
0
0
1
0
ouxiaohu
1
0
0
0
0
p
2
0
0
6
0
palin
0
0
0
1
0
pei
0
0
0
1
0
ping
1
0
0
0
0
pj
0
0
0
1
0
pjh
0
0
0
2
0
pk
0
0
0
1
0
pkq
0
0
0
1
0
po
0
0
1
0
0
pp
0
0
0
2
0
pul
0
0
0
1
0
px
0
0
0
1
0
py
0
0
0
1
0
pyd
0
0
0
1
0
pz
0
0
0
1
0
q
14
17
0
70
0
qa
0
0
1
3
0
qaz
0
1
0
5
0
qbq
0
0
0
1
0
qew
0
0
0
1
0
qh
0
0
0
1
0
qht
0
0
0
1
0
qi
0
0
0
1
0
qj
0
0
0
1
0
ql
0
0
1
0
0
qq
0
3
0
74
0
qqa
0
0
0
1
0
qqq
0
1
0
2
0
qqw
0
0
0
1
0
qs
0
0
0
1
0
qw
0
2
0
13
0
qwaszxc
0
0
0
1
0
qwe
0
0
0
4
0
qweasd
0
0
0
1
0
qwm
0
0
0
1
0
qww
0
0
2
0
0
qx
1
0
0
0
0
qyl
0
0
0
1
0
qz
0
0
3
1
0
r
3
0
0
8
0
rain
0
0
0
1
0
ran
0
0
0
1
0
rb
0
0
0
1
0
riwan
0
1
0
0
0
riwanm
0
0
0
1
0
riwanma
0
0
0
1
0
riwanmao
0
0
0
1
0
rj
0
0
0
1
0
rmjf
0
0
0
1
0
rmjfo
0
0
0
1
0
rq
0
0
0
1
0
rr
0
0
0
1
0
rui
0
0
0
1
0
rx
0
0
0
1
0
rxc
0
0
0
1
0
s
13
5
0
18
0
sb
0
0
0
1
0
sbk
0
0
0
1
0
sc
0
0
0
3
0
sd
0
0
0
3
0
sdm
0
0
0
1
0
se
0
0
0
1
0
sex
0
0
0
1
0
sg
0
0
0
1
0
she
0
0
0
1
0
sheng
0
0
0
1
0
shilei
0
0
0
1
0
shuai
0
0
0
1
0
shuang
0
0
0
1
0
sj
0
0
0
1
0
sl
1
0
0
0
0
sos
0
0
0
1
0
sr
0
0
0
1
0
ss
0
0
0
4
0
ssdlh
0
0
0
2
0
sss
0
0
0
1
0
st
0
0
0
2
0
steven
0
0
0
1
0
sx
0
0
1
1
0
sxq
0
0
0
1
0
sxz
0
0
0
1
0
syx
0
0
0
1
0
t
0
0
0
12
0
tf
0
0
0
1
0
tg
0
0
0
1
0
tian
0
0
0
1
0
tianqih
0
0
0
1
0
tianqiha
0
0
0
1
0
tianqihao
0
0
0
1
0
time
0
0
0
1
0
ting
0
0
0
1
0
tj
0
0
0
1
0
tt
0
0
0
5
0
tw
0
0
0
1
0
twz
0
0
0
1
0
tx
0
0
0
1
0
ty
0
0
0
1
0
u
8
0
0
2
0
uang
1
0
0
0
0
ulei
1
0
0
0
0
uxiaohu
1
0
0
0
0
v
0
0
0
2
0
vip
0
0
0
1
0
vv
0
0
0
1
0
w
11
18
0
45
0
wa
0
1
1
2
0
wang
0
0
1
1
0
wangdf
0
1
0
0
0
wangyan
0
0
0
1
0
wanha
0
1
0
0
0
wanhao
0
0
0
1
0
wannian
0
0
0
1
0
was
0
0
0
1
0
wasg
0
0
0
1
0
wby
1
0
0
0
0
wc
0
0
0
3
0
wcx
0
0
0
1
0
wd
0
0
0
2
0
we
0
0
0
3
0
wei
0
0
0
5
0
weinasi
0
0
0
1
0
wen
0
0
0
1
0
weny
0
0
0
1
0
wenyi
0
0
0
1
0
westlife
0
0
0
1
0
wf
0
0
0
4
0
wg
0
0
0
1
0
wh
0
0
1
1
0
whl
0
0
0
1
0
whu
0
0
0
1
0
whui
0
0
0
1
0
whw
0
0
0
1
0
wi
0
0
1
0
0
winner
0
0
0
1
0
wj
0
0
0
3
0
wjw
0
0
0
1
0
wl
0
0
0
3
0
wly
0
0
0
1
0
wnian
0
0
0
1
0
wo
0
0
0
5
0
woaini
0
3
0
0
0
woainid
0
0
0
1
0
woainidx
0
0
0
1
0
woainidxl
0
0
0
1
0
woaisi
0
1
0
0
0
wodemima
0
0
0
1
0
wozhiyaoz
0
0
0
1
0
wozhiyaozj
0
0
0
1
0
wp
0
0
0
1
0
wq
1
0
0
5
0
wqd
0
0
0
1
0
wr
0
0
0
1
0
wrw
0
0
0
1
0
ws
0
0
0
3
0
wsbjw
0
0
0
1
0
wsk
0
0
0
1
0
wss
0
0
0
1
0
wsy
0
0
0
1
0
wu
0
0
0
1
0
ww
1
0
0
4
0
www
0
0
0
1
0
wwxx
0
0
0
1
0
wx
0
1
0
1
0
wxd
0
0
0
1
0
wxihuanni
0
0
1
0
0
wxj
0
0
1
0
0
wxl
0
0
0
1
0
wxm
0
0
0
1
0
wy
0
1
0
4
0
wyd
0
0
0
1
0
wyj
0
0
1
0
0
wyx
0
0
0
1
0
wz
0
0
0
3
0
wzh
0
0
0
1
0
wzj
0
0
0
1
0
wzqa
0
1
0
0
0
x
14
11
0
17
0
xat
0
0
0
1
0
xc
0
0
0
4
0
xcl
0
0
0
1
0
xf
0
1
0
0
0
xfz
0
0
0
1
0
xfzc
0
0
0
1
0
xgl
0
0
0
1
0
xgy
0
0
0
1
0
xh
0
0
0
1
0
xi
0
0
0
1
0
xia
0
0
0
1
0
xiangkun
0
0
0
1
0
xiao
0
0
0
1
0
xiaohu
1
0
0
0
0
xie
0
1
0
0
0
xinting
0
0
0
1
0
xj
1
0
1
2
0
xjd
0
0
0
1
0
xjn
0
0
1
0
0
xm
0
0
0
2
0
xp
1
0
0
2
0
xq
1
0
0
2
0
xqq
0
0
0
1
0
xren
0
0
1
0
0
xs
0
0
0
1
0
xt
0
0
0
1
0
xu
0
0
0
3
0
xue
1
0
0
0
0
xw
1
1
0
2
0
xww
0
0
1
0
0
xx
0
0
0
14
0
xxh
0
0
0
1
0
xxy
0
0
0
1
0
xy
0
0
1
4
0
xyh
0
0
0
1
0
xyy
0
0
0
1
0
xyz
0
0
0
1
0
xz
0
0
0
4
0
xzh
0
0
0
2
0
xzytc
0
0
0
1
0
y
23
5
0
19
0
ya
0
0
0
1
0
yan
0
0
1
1
0
yang
0
0
1
2
0
yc
0
0
0
2
0
ye
0
0
0
2
0
yeda
0
0
0
1
0
yf
0
0
0
1
0
yforever
0
0
1
0
0
yfq
0
0
0
1
0
yh
0
0
0
2
0
yin
0
0
1
0
0
ying
0
0
0
2
0
yinger
0
0
0
1
0
yj
0
0
0
2
0
yjie
0
0
1
0
0
yk
0
0
1
0
0
ykl
0
1
0
0
0
yl
0
0
0
2
0
ylm
0
0
0
1
0
ylt
0
0
0
1
0
ymjhszxl
0
0
0
1
0
ymjhszxlp
0
0
0
1
0
yn
0
0
1
0
0
yng
0
0
1
0
0
yong
0
0
0
1
0
yt
0
0
0
2
0
yu
0
0
1
6
0
yue
0
0
0
1
0
yulei
0
0
1
0
0
yuwuyang
0
1
0
0
0
yw
0
1
0
0
0
ywq
0
0
1
0
0
yws
0
0
0
1
0
yx
0
0
0
4
0
yxj
0
0
0
1
0
yxl
0
0
0
1
0
yxm
0
0
0
1
0
yxt
0
0
0
1
0
yy
2
1
0
5
0
yyh
0
0
0
1
0
yz
0
0
0
2
0
yzd
0
0
0
1
0
yzx
0
0
0
1
0
z
7
14
0
43
0
za
0
0
0
1
0
zang
0
0
1
0
0
zc
0
0
0
4
0
zcl
0
0
0
1
0
zcz
0
0
0
1
0
zd
0
0
0
2
0
zdc
0
0
0
2
0
zengwei
0
0
0
1
0
zengyan
0
0
0
1
0
zer
0
0
1
0
0
zero
0
0
0
1
0
zew
0
0
0
1
0
zf
0
0
0
1
0
zh
0
1
0
6
0
zhaiyujia
0
0
0
1
0
zhang
0
1
0
1
0
zhangshilong
0
0
0
1
0
zhangx
0
0
0
1
0
zhangxu
0
0
0
1
0
zhangxue
0
0
0
1
0
zhb
0
0
0
1
0
zhongj
0
0
0
1
0
zhongju
0
0
0
1
0
zhongjun
0
0
0
1
0
zhu
0
0
0
4
0
zhuai
0
0
0
1
0
zhuangz
0
0
0
1
0
zhuangzh
0
0
0
1
0
zhuangzhi
0
0
0
1
0
zhukunl
0
0
0
1
0
zhukunlp
0
0
0
1
0
zhulong
0
0
0
1
0
zhy
0
0
0
1
0
zj
0
0
1
3
0
zjc
0
0
0
1
0
zk
0
0
0
1
0
zl
1
0
0
7
0
zm
0
1
0
1
0
zmx
0
0
0
1
0
zn
0
0
0
1
0
zp
0
0
0
2
0
zq
0
0
0
4
0
zqa
0
0
0
1
0
zr
0
0
0
1
0
zs
0
0
1
5
0
zsp
0
0
0
1
0
zsq
0
0
0
1
0
zsw
0
0
0
1
0
zsy
0
0
0
1
0
zt
0
0
0
1
0
ztz
0
0
0
1
0
ztzt
0
0
0
1
0
zw
0
0
0
1
0
zwy
0
0
0
1
0
zx
0
2
0
15
0
zxb
0
0
0
1
0
zxc
0
0
0
1
0
zxcv
0
0
0
2
0
zxk
0
0
0
1
0
zxx
0
0
1
0
0
zxy
0
0
0
1
0
zxz
0
1
0
0
0
zy
1
1
0
5
0
zyf
0
0
0
1
0
zyme
0
0
0
1
0
zymei
0
0
0
1
0
zyu
0
0
1
0
0
zyx
0
0
0
1
0
zz
0
0
0
11
0
zzz
0
0
0
1
0
zzzz
0
0
0
1
0

478
1035
175
5092
0.725961
0.00113479
0.00197733
0.000213267
2.63293e-006
2.89622e-005
0.00166139
2.89624e-005
2.63294e-006
